0.0 9.0 21.0 17.0 0.0 
13.0 0.0 12.0 5.0 12.0 
4.0 7.0 0.0 23.0 11.0 
15.0 8.0 8.0 0.0 9.0 
1.0 23.0 20.0 10.0 0.0 
0.0 0.0 7.0 21.0 3.0 
23.0 0.0 6.0 16.0 12.0 
23.0 18.0 0.0 0.0 15.0 
8.0 12.0 11.0 0.0 19.0 
2.0 6.0 1.0 5.0 0.0 
0.0 23.0 23.0 6.0 1.0 
9.0 0.0 9.0 7.0 9.0 
13.0 11.0 0.0 24.0 6.0 
1.0 13.0 13.0 0.0 23.0 
14.0 13.0 20.0 11.0 0.0 
0.0 11.0 6.0 4.0 18.0 
22.0 0.0 17.0 14.0 19.0 
1.0 17.0 0.0 8.0 12.0 
2.0 21.0 16.0 0.0 13.0 
16.0 21.0 14.0 17.0 0.0 
0.0 17.0 19.0 13.0 8.0 
8.0 0.0 1.0 2.0 14.0 
2.0 12.0 0.0 22.0 20.0 
21.0 12.0 13.0 0.0 6.0 
21.0 14.0 11.0 0.0 0.0 
0.0 15.0 20.0 5.0 14.0 
13.0 0.0 18.0 11.0 16.0 
19.0 14.0 0.0 7.0 15.0 
3.0 3.0 14.0 0.0 4.0 
11.0 9.0 18.0 19.0 0.0 
0.0 2.0 10.0 9.0 13.0 
9.0 0.0 3.0 8.0 9.0 
15.0 20.0 0.0 15.0 12.0 
5.0 22.0 19.0 0.0 9.0 
17.0 10.0 21.0 24.0 0.0 
0.0 9.0 6.0 22.0 3.0 
9.0 0.0 2.0 5.0 15.0 
24.0 0.0 0.0 4.0 12.0 
1.0 23.0 21.0 0.0 7.0 
2.0 15.0 3.0 23.0 0.0 
0.0 18.0 19.0 15.0 8.0 
16.0 0.0 24.0 5.0 14.0 
18.0 2.0 0.0 1.0 11.0 
20.0 16.0 17.0 0.0 6.0 
3.0 23.0 17.0 6.0 0.0 
0.0 1.0 15.0 11.0 6.0 
24.0 0.0 5.0 23.0 23.0 
12.0 24.0 0.0 20.0 5.0 
6.0 0.0 12.0 0.0 19.0 
19.0 5.0 14.0 21.0 0.0 
0.0 5.0 2.0 22.0 1.0 
17.0 0.0 16.0 4.0 23.0 
0.0 19.0 0.0 5.0 4.0 
9.0 8.0 23.0 0.0 0.0 
20.0 19.0 18.0 0.0 0.0 
0.0 16.0 6.0 9.0 1.0 
8.0 0.0 4.0 0.0 0.0 
1.0 23.0 0.0 15.0 5.0 
15.0 13.0 20.0 0.0 12.0 
17.0 20.0 9.0 18.0 0.0 
