0.0 19.0 8.0 3.0 18.0 
4.0 0.0 17.0 5.0 15.0 
5.0 23.0 0.0 19.0 22.0 
0.0 10.0 11.0 0.0 7.0 
11.0 21.0 11.0 3.0 0.0 
0.0 3.0 20.0 16.0 24.0 
0.0 0.0 10.0 19.0 0.0 
7.0 14.0 0.0 12.0 7.0 
20.0 3.0 4.0 0.0 1.0 
10.0 2.0 13.0 23.0 0.0 
0.0 19.0 7.0 0.0 7.0 
20.0 0.0 20.0 8.0 21.0 
10.0 22.0 0.0 12.0 19.0 
21.0 10.0 21.0 0.0 3.0 
14.0 16.0 7.0 19.0 0.0 
0.0 7.0 11.0 3.0 2.0 
6.0 0.0 15.0 11.0 4.0 
1.0 23.0 0.0 6.0 22.0 
14.0 24.0 16.0 0.0 20.0 
16.0 15.0 5.0 13.0 0.0 
0.0 17.0 7.0 12.0 24.0 
2.0 0.0 4.0 3.0 18.0 
11.0 3.0 0.0 23.0 18.0 
3.0 2.0 14.0 0.0 4.0 
14.0 17.0 6.0 0.0 0.0 
0.0 0.0 24.0 19.0 8.0 
0.0 0.0 1.0 3.0 7.0 
7.0 10.0 0.0 0.0 15.0 
16.0 16.0 1.0 0.0 1.0 
12.0 5.0 7.0 16.0 0.0 
0.0 16.0 18.0 17.0 22.0 
4.0 0.0 15.0 8.0 11.0 
4.0 4.0 0.0 0.0 23.0 
22.0 3.0 10.0 0.0 18.0 
19.0 17.0 17.0 17.0 0.0 
0.0 23.0 17.0 10.0 1.0 
5.0 0.0 1.0 20.0 10.0 
13.0 10.0 0.0 12.0 15.0 
13.0 3.0 24.0 0.0 3.0 
10.0 0.0 9.0 17.0 0.0 
0.0 20.0 13.0 21.0 16.0 
4.0 0.0 19.0 9.0 3.0 
23.0 22.0 0.0 10.0 22.0 
17.0 1.0 5.0 0.0 7.0 
3.0 1.0 8.0 10.0 0.0 
0.0 15.0 1.0 16.0 1.0 
6.0 0.0 19.0 19.0 17.0 
6.0 10.0 0.0 23.0 24.0 
9.0 0.0 9.0 0.0 17.0 
20.0 24.0 4.0 17.0 0.0 
0.0 1.0 6.0 13.0 9.0 
21.0 0.0 6.0 18.0 1.0 
6.0 4.0 0.0 10.0 11.0 
24.0 7.0 6.0 0.0 4.0 
8.0 18.0 1.0 13.0 0.0 
0.0 10.0 18.0 21.0 6.0 
3.0 0.0 0.0 3.0 0.0 
3.0 16.0 0.0 4.0 16.0 
6.0 3.0 16.0 0.0 0.0 
8.0 3.0 22.0 24.0 0.0 
