0.0 19.0 22.0 5.0 10.0 
15.0 0.0 14.0 4.0 9.0 
5.0 21.0 0.0 0.0 13.0 
20.0 6.0 21.0 0.0 22.0 
8.0 4.0 21.0 10.0 0.0 
0.0 19.0 18.0 23.0 2.0 
18.0 0.0 16.0 17.0 2.0 
18.0 14.0 0.0 9.0 22.0 
22.0 20.0 6.0 0.0 3.0 
9.0 23.0 19.0 13.0 0.0 
0.0 24.0 6.0 2.0 19.0 
4.0 0.0 2.0 24.0 8.0 
4.0 1.0 0.0 3.0 18.0 
14.0 16.0 18.0 0.0 22.0 
12.0 0.0 16.0 12.0 0.0 
0.0 21.0 10.0 4.0 16.0 
5.0 0.0 24.0 17.0 18.0 
14.0 7.0 0.0 15.0 6.0 
2.0 18.0 2.0 0.0 17.0 
5.0 4.0 17.0 9.0 0.0 
0.0 22.0 17.0 0.0 13.0 
22.0 0.0 22.0 24.0 3.0 
20.0 10.0 0.0 9.0 22.0 
3.0 14.0 21.0 0.0 4.0 
23.0 13.0 13.0 21.0 0.0 
0.0 20.0 16.0 16.0 1.0 
15.0 0.0 7.0 22.0 5.0 
6.0 3.0 0.0 3.0 22.0 
16.0 18.0 1.0 0.0 21.0 
13.0 5.0 16.0 9.0 0.0 
0.0 24.0 14.0 5.0 10.0 
10.0 0.0 24.0 4.0 11.0 
18.0 13.0 0.0 7.0 6.0 
24.0 2.0 8.0 0.0 7.0 
8.0 5.0 18.0 3.0 0.0 
0.0 7.0 23.0 18.0 20.0 
6.0 0.0 8.0 8.0 17.0 
22.0 17.0 0.0 20.0 5.0 
20.0 15.0 22.0 0.0 9.0 
19.0 12.0 0.0 17.0 0.0 
0.0 11.0 14.0 21.0 13.0 
6.0 0.0 20.0 5.0 24.0 
9.0 17.0 0.0 0.0 20.0 
9.0 23.0 14.0 0.0 1.0 
5.0 11.0 0.0 24.0 0.0 
0.0 15.0 24.0 13.0 22.0 
24.0 0.0 13.0 24.0 9.0 
16.0 21.0 0.0 2.0 24.0 
4.0 21.0 13.0 0.0 23.0 
6.0 1.0 8.0 7.0 0.0 
0.0 14.0 5.0 22.0 20.0 
8.0 0.0 20.0 9.0 6.0 
19.0 21.0 0.0 12.0 15.0 
11.0 20.0 4.0 0.0 5.0 
17.0 10.0 5.0 13.0 0.0 
0.0 4.0 3.0 12.0 4.0 
2.0 0.0 6.0 1.0 19.0 
10.0 18.0 0.0 21.0 10.0 
7.0 14.0 1.0 0.0 7.0 
1.0 11.0 2.0 18.0 0.0 
