0.0 4.0 2.0 4.0 1.0 
11.0 0.0 18.0 23.0 20.0 
8.0 17.0 0.0 3.0 3.0 
4.0 15.0 2.0 0.0 18.0 
15.0 16.0 5.0 17.0 0.0 
0.0 5.0 22.0 9.0 24.0 
22.0 0.0 5.0 23.0 3.0 
11.0 8.0 0.0 20.0 16.0 
14.0 13.0 15.0 0.0 23.0 
1.0 8.0 2.0 16.0 0.0 
0.0 24.0 24.0 24.0 14.0 
8.0 0.0 16.0 6.0 6.0 
11.0 16.0 0.0 7.0 9.0 
4.0 3.0 4.0 0.0 21.0 
4.0 1.0 11.0 4.0 0.0 
0.0 13.0 15.0 7.0 8.0 
6.0 0.0 12.0 18.0 5.0 
5.0 14.0 0.0 21.0 4.0 
6.0 22.0 17.0 0.0 22.0 
21.0 15.0 11.0 23.0 0.0 
0.0 10.0 3.0 7.0 8.0 
13.0 0.0 4.0 17.0 7.0 
11.0 9.0 0.0 24.0 20.0 
21.0 1.0 11.0 0.0 17.0 
5.0 2.0 0.0 16.0 0.0 
0.0 19.0 13.0 9.0 17.0 
24.0 0.0 5.0 21.0 14.0 
21.0 22.0 0.0 20.0 20.0 
7.0 16.0 19.0 0.0 4.0 
17.0 2.0 8.0 2.0 0.0 
0.0 4.0 10.0 23.0 2.0 
14.0 0.0 11.0 6.0 17.0 
3.0 22.0 0.0 18.0 5.0 
4.0 20.0 24.0 0.0 20.0 
0.0 18.0 24.0 11.0 0.0 
0.0 16.0 10.0 17.0 16.0 
1.0 0.0 13.0 5.0 23.0 
19.0 9.0 0.0 11.0 8.0 
13.0 16.0 6.0 0.0 2.0 
0.0 1.0 0.0 19.0 0.0 
0.0 4.0 7.0 15.0 0.0 
1.0 0.0 16.0 23.0 18.0 
19.0 15.0 0.0 23.0 12.0 
23.0 7.0 11.0 0.0 12.0 
23.0 17.0 7.0 22.0 0.0 
0.0 23.0 10.0 22.0 12.0 
11.0 0.0 15.0 20.0 5.0 
4.0 13.0 0.0 4.0 0.0 
4.0 13.0 18.0 0.0 4.0 
24.0 20.0 5.0 23.0 0.0 
0.0 19.0 1.0 23.0 6.0 
10.0 0.0 21.0 19.0 10.0 
22.0 19.0 0.0 2.0 16.0 
18.0 6.0 0.0 0.0 23.0 
2.0 24.0 5.0 19.0 0.0 
0.0 1.0 17.0 1.0 14.0 
11.0 0.0 17.0 19.0 11.0 
2.0 17.0 0.0 7.0 2.0 
3.0 22.0 18.0 0.0 14.0 
6.0 9.0 8.0 19.0 0.0 
