0.0 7.0 20.0 24.0 17.0 
4.0 0.0 3.0 0.0 7.0 
7.0 10.0 0.0 19.0 0.0 
4.0 2.0 3.0 0.0 23.0 
23.0 1.0 18.0 12.0 0.0 
0.0 7.0 2.0 11.0 2.0 
11.0 0.0 6.0 2.0 24.0 
13.0 24.0 0.0 10.0 4.0 
0.0 16.0 2.0 0.0 15.0 
3.0 4.0 19.0 21.0 0.0 
0.0 15.0 19.0 6.0 17.0 
19.0 0.0 8.0 2.0 21.0 
15.0 9.0 0.0 16.0 12.0 
3.0 18.0 23.0 0.0 21.0 
5.0 9.0 19.0 12.0 0.0 
0.0 20.0 0.0 6.0 18.0 
7.0 0.0 6.0 0.0 0.0 
13.0 18.0 0.0 19.0 12.0 
16.0 19.0 19.0 0.0 5.0 
5.0 17.0 7.0 7.0 0.0 
0.0 9.0 4.0 16.0 11.0 
12.0 0.0 24.0 23.0 12.0 
4.0 22.0 0.0 3.0 1.0 
22.0 16.0 13.0 0.0 21.0 
3.0 17.0 12.0 8.0 0.0 
0.0 24.0 17.0 8.0 7.0 
18.0 0.0 12.0 18.0 19.0 
7.0 12.0 0.0 13.0 1.0 
15.0 17.0 23.0 0.0 10.0 
6.0 13.0 10.0 15.0 0.0 
0.0 19.0 3.0 16.0 17.0 
23.0 0.0 21.0 14.0 2.0 
7.0 13.0 0.0 3.0 17.0 
16.0 8.0 17.0 0.0 8.0 
15.0 5.0 10.0 1.0 0.0 
0.0 4.0 5.0 5.0 5.0 
17.0 0.0 23.0 24.0 9.0 
18.0 23.0 0.0 14.0 7.0 
21.0 1.0 13.0 0.0 21.0 
22.0 10.0 0.0 4.0 0.0 
0.0 16.0 9.0 17.0 16.0 
2.0 0.0 14.0 2.0 3.0 
20.0 22.0 0.0 1.0 2.0 
21.0 6.0 12.0 0.0 17.0 
5.0 0.0 12.0 19.0 0.0 
0.0 14.0 7.0 20.0 20.0 
21.0 0.0 4.0 15.0 23.0 
1.0 22.0 0.0 12.0 18.0 
22.0 11.0 13.0 0.0 4.0 
1.0 11.0 11.0 8.0 0.0 
0.0 24.0 17.0 9.0 15.0 
12.0 0.0 10.0 5.0 0.0 
10.0 12.0 0.0 1.0 10.0 
11.0 13.0 16.0 0.0 23.0 
4.0 23.0 8.0 18.0 0.0 
0.0 22.0 0.0 22.0 24.0 
9.0 0.0 20.0 20.0 5.0 
0.0 3.0 0.0 11.0 10.0 
18.0 19.0 8.0 0.0 10.0 
2.0 24.0 3.0 21.0 0.0 
