0.0 2.0 18.0 9.0 11.0 
13.0 0.0 24.0 0.0 15.0 
0.0 20.0 0.0 0.0 9.0 
17.0 20.0 16.0 0.0 2.0 
12.0 2.0 23.0 0.0 0.0 
0.0 1.0 21.0 19.0 1.0 
0.0 0.0 21.0 21.0 9.0 
13.0 7.0 0.0 13.0 13.0 
18.0 20.0 9.0 0.0 22.0 
11.0 4.0 10.0 1.0 0.0 
0.0 14.0 7.0 13.0 12.0 
4.0 0.0 7.0 20.0 11.0 
24.0 6.0 0.0 5.0 21.0 
1.0 14.0 22.0 0.0 24.0 
2.0 7.0 16.0 7.0 0.0 
0.0 7.0 2.0 10.0 24.0 
10.0 0.0 8.0 9.0 13.0 
19.0 21.0 0.0 14.0 6.0 
14.0 10.0 17.0 0.0 13.0 
21.0 6.0 19.0 11.0 0.0 
0.0 22.0 23.0 23.0 17.0 
9.0 0.0 11.0 16.0 21.0 
16.0 21.0 0.0 13.0 9.0 
23.0 2.0 2.0 0.0 16.0 
13.0 11.0 8.0 24.0 0.0 
0.0 8.0 23.0 18.0 7.0 
14.0 0.0 0.0 22.0 21.0 
7.0 23.0 0.0 16.0 2.0 
14.0 12.0 13.0 0.0 3.0 
12.0 6.0 9.0 11.0 0.0 
0.0 24.0 4.0 15.0 3.0 
6.0 0.0 9.0 16.0 20.0 
16.0 19.0 0.0 4.0 16.0 
0.0 7.0 15.0 0.0 16.0 
16.0 6.0 9.0 11.0 0.0 
0.0 8.0 22.0 18.0 8.0 
10.0 0.0 22.0 18.0 12.0 
18.0 9.0 0.0 3.0 18.0 
16.0 1.0 20.0 0.0 21.0 
6.0 5.0 8.0 7.0 0.0 
0.0 11.0 24.0 11.0 4.0 
0.0 0.0 21.0 12.0 6.0 
3.0 24.0 0.0 14.0 12.0 
8.0 24.0 9.0 0.0 18.0 
6.0 7.0 13.0 6.0 0.0 
0.0 5.0 17.0 19.0 18.0 
24.0 0.0 15.0 20.0 5.0 
0.0 8.0 0.0 24.0 12.0 
7.0 18.0 0.0 0.0 3.0 
3.0 23.0 7.0 7.0 0.0 
0.0 13.0 11.0 11.0 20.0 
6.0 0.0 9.0 14.0 4.0 
16.0 8.0 0.0 21.0 2.0 
24.0 12.0 23.0 0.0 22.0 
12.0 19.0 0.0 15.0 0.0 
0.0 21.0 0.0 10.0 8.0 
3.0 0.0 16.0 24.0 5.0 
15.0 23.0 0.0 4.0 2.0 
11.0 1.0 4.0 0.0 19.0 
4.0 7.0 14.0 19.0 0.0 
