0.0 1.0 23.0 6.0 20.0 
0.0 0.0 18.0 9.0 10.0 
3.0 12.0 0.0 22.0 10.0 
17.0 2.0 23.0 0.0 5.0 
6.0 12.0 4.0 11.0 0.0 
0.0 22.0 19.0 4.0 14.0 
14.0 0.0 23.0 7.0 21.0 
5.0 20.0 0.0 16.0 21.0 
0.0 19.0 20.0 0.0 22.0 
17.0 18.0 22.0 24.0 0.0 
0.0 0.0 24.0 4.0 13.0 
14.0 0.0 13.0 5.0 16.0 
12.0 21.0 0.0 23.0 17.0 
23.0 0.0 8.0 0.0 2.0 
3.0 4.0 19.0 12.0 0.0 
0.0 5.0 19.0 19.0 6.0 
12.0 0.0 20.0 16.0 24.0 
19.0 10.0 0.0 19.0 17.0 
18.0 22.0 18.0 0.0 5.0 
14.0 6.0 3.0 3.0 0.0 
0.0 18.0 2.0 18.0 2.0 
11.0 0.0 14.0 8.0 9.0 
19.0 0.0 0.0 14.0 7.0 
3.0 5.0 15.0 0.0 2.0 
3.0 0.0 17.0 10.0 0.0 
0.0 17.0 4.0 9.0 24.0 
2.0 0.0 1.0 3.0 22.0 
12.0 3.0 0.0 15.0 12.0 
10.0 14.0 18.0 0.0 8.0 
16.0 20.0 23.0 15.0 0.0 
0.0 12.0 3.0 7.0 2.0 
23.0 0.0 22.0 22.0 21.0 
12.0 17.0 0.0 23.0 12.0 
21.0 14.0 4.0 0.0 22.0 
2.0 20.0 4.0 21.0 0.0 
0.0 23.0 14.0 5.0 14.0 
23.0 0.0 17.0 4.0 24.0 
21.0 3.0 0.0 1.0 14.0 
23.0 8.0 21.0 0.0 13.0 
2.0 5.0 13.0 3.0 0.0 
0.0 22.0 17.0 21.0 4.0 
14.0 0.0 6.0 6.0 0.0 
4.0 3.0 0.0 10.0 9.0 
24.0 9.0 17.0 0.0 3.0 
0.0 4.0 10.0 8.0 0.0 
0.0 18.0 17.0 15.0 23.0 
5.0 0.0 16.0 0.0 10.0 
6.0 8.0 0.0 2.0 16.0 
4.0 11.0 2.0 0.0 15.0 
1.0 19.0 8.0 11.0 0.0 
0.0 17.0 24.0 15.0 13.0 
17.0 0.0 20.0 18.0 20.0 
8.0 17.0 0.0 4.0 13.0 
8.0 22.0 0.0 0.0 12.0 
4.0 18.0 13.0 18.0 0.0 
0.0 13.0 10.0 5.0 21.0 
3.0 0.0 21.0 0.0 18.0 
23.0 14.0 0.0 7.0 2.0 
10.0 0.0 4.0 0.0 5.0 
5.0 3.0 3.0 19.0 0.0 
