0.0 3.0 18.0 10.0 0.0 
20.0 0.0 11.0 3.0 13.0 
14.0 20.0 0.0 6.0 11.0 
3.0 15.0 21.0 0.0 0.0 
3.0 3.0 17.0 6.0 0.0 
0.0 11.0 9.0 16.0 18.0 
24.0 0.0 9.0 7.0 6.0 
6.0 23.0 0.0 20.0 6.0 
14.0 5.0 0.0 0.0 24.0 
14.0 1.0 12.0 4.0 0.0 
0.0 0.0 3.0 8.0 9.0 
9.0 0.0 9.0 10.0 16.0 
22.0 0.0 0.0 5.0 7.0 
17.0 3.0 11.0 0.0 24.0 
12.0 18.0 4.0 21.0 0.0 
0.0 5.0 15.0 13.0 8.0 
6.0 0.0 20.0 14.0 20.0 
17.0 11.0 0.0 8.0 14.0 
21.0 7.0 11.0 0.0 13.0 
13.0 23.0 0.0 15.0 0.0 
0.0 11.0 13.0 24.0 16.0 
8.0 0.0 13.0 0.0 17.0 
4.0 2.0 0.0 23.0 20.0 
21.0 18.0 3.0 0.0 15.0 
6.0 10.0 24.0 20.0 0.0 
0.0 0.0 24.0 9.0 12.0 
5.0 0.0 0.0 13.0 8.0 
5.0 18.0 0.0 11.0 18.0 
7.0 9.0 18.0 0.0 1.0 
14.0 21.0 5.0 13.0 0.0 
0.0 24.0 2.0 17.0 8.0 
1.0 0.0 22.0 9.0 11.0 
21.0 9.0 0.0 23.0 11.0 
9.0 22.0 7.0 0.0 8.0 
9.0 22.0 6.0 18.0 0.0 
0.0 18.0 3.0 17.0 17.0 
6.0 0.0 11.0 1.0 17.0 
17.0 2.0 0.0 7.0 3.0 
0.0 15.0 4.0 0.0 13.0 
14.0 22.0 16.0 20.0 0.0 
0.0 7.0 0.0 22.0 21.0 
19.0 0.0 16.0 12.0 17.0 
18.0 4.0 0.0 5.0 16.0 
2.0 20.0 5.0 0.0 17.0 
19.0 15.0 8.0 11.0 0.0 
0.0 11.0 3.0 12.0 17.0 
24.0 0.0 12.0 6.0 9.0 
14.0 17.0 0.0 16.0 9.0 
17.0 4.0 7.0 0.0 15.0 
23.0 21.0 23.0 16.0 0.0 
0.0 12.0 1.0 0.0 24.0 
6.0 0.0 11.0 5.0 23.0 
23.0 17.0 0.0 1.0 12.0 
6.0 14.0 11.0 0.0 21.0 
12.0 18.0 12.0 5.0 0.0 
0.0 8.0 2.0 23.0 7.0 
12.0 0.0 4.0 17.0 16.0 
11.0 9.0 0.0 21.0 17.0 
6.0 20.0 18.0 0.0 6.0 
2.0 9.0 4.0 20.0 0.0 
