0.0 13.0 3.0 23.0 1.0 
19.0 0.0 8.0 12.0 15.0 
7.0 22.0 0.0 8.0 21.0 
10.0 6.0 11.0 0.0 1.0 
13.0 1.0 20.0 23.0 0.0 
0.0 13.0 21.0 6.0 2.0 
15.0 0.0 6.0 20.0 10.0 
16.0 14.0 0.0 6.0 18.0 
3.0 21.0 17.0 0.0 12.0 
1.0 16.0 19.0 6.0 0.0 
0.0 12.0 17.0 24.0 14.0 
16.0 0.0 23.0 17.0 1.0 
8.0 10.0 0.0 19.0 16.0 
7.0 23.0 15.0 0.0 23.0 
3.0 24.0 20.0 7.0 0.0 
0.0 9.0 13.0 20.0 18.0 
11.0 0.0 7.0 1.0 5.0 
0.0 15.0 0.0 3.0 8.0 
4.0 7.0 22.0 0.0 14.0 
14.0 11.0 8.0 24.0 0.0 
0.0 22.0 10.0 16.0 4.0 
17.0 0.0 1.0 3.0 2.0 
3.0 8.0 0.0 5.0 8.0 
24.0 6.0 13.0 0.0 10.0 
10.0 12.0 16.0 0.0 0.0 
0.0 12.0 2.0 0.0 10.0 
19.0 0.0 16.0 13.0 9.0 
11.0 5.0 0.0 9.0 18.0 
15.0 19.0 1.0 0.0 19.0 
17.0 9.0 20.0 16.0 0.0 
0.0 14.0 7.0 14.0 9.0 
9.0 0.0 7.0 18.0 21.0 
19.0 6.0 0.0 17.0 11.0 
17.0 8.0 23.0 0.0 16.0 
8.0 17.0 22.0 9.0 0.0 
0.0 6.0 12.0 10.0 22.0 
11.0 0.0 22.0 9.0 22.0 
3.0 17.0 0.0 17.0 15.0 
16.0 17.0 23.0 0.0 9.0 
2.0 13.0 23.0 16.0 0.0 
0.0 1.0 1.0 12.0 12.0 
23.0 0.0 12.0 16.0 14.0 
1.0 19.0 0.0 6.0 23.0 
21.0 17.0 2.0 0.0 14.0 
2.0 2.0 8.0 22.0 0.0 
0.0 16.0 22.0 16.0 5.0 
5.0 0.0 5.0 24.0 17.0 
2.0 20.0 0.0 0.0 19.0 
21.0 14.0 15.0 0.0 15.0 
22.0 17.0 6.0 8.0 0.0 
0.0 2.0 10.0 6.0 4.0 
17.0 0.0 19.0 20.0 0.0 
16.0 3.0 0.0 16.0 18.0 
15.0 9.0 13.0 0.0 13.0 
24.0 11.0 5.0 20.0 0.0 
0.0 18.0 7.0 2.0 11.0 
3.0 0.0 9.0 12.0 5.0 
15.0 20.0 0.0 7.0 17.0 
24.0 12.0 14.0 0.0 8.0 
21.0 23.0 21.0 5.0 0.0 
