0.0 14.0 22.0 7.0 14.0 
2.0 0.0 2.0 5.0 5.0 
7.0 22.0 0.0 4.0 10.0 
9.0 12.0 16.0 0.0 9.0 
5.0 19.0 12.0 5.0 0.0 
0.0 24.0 14.0 13.0 22.0 
18.0 0.0 23.0 11.0 9.0 
12.0 20.0 0.0 5.0 24.0 
3.0 20.0 24.0 0.0 3.0 
20.0 9.0 0.0 20.0 0.0 
0.0 12.0 20.0 9.0 6.0 
19.0 0.0 3.0 15.0 6.0 
3.0 13.0 0.0 1.0 4.0 
3.0 17.0 14.0 0.0 16.0 
18.0 21.0 14.0 17.0 0.0 
0.0 15.0 5.0 9.0 8.0 
2.0 0.0 16.0 2.0 16.0 
10.0 5.0 0.0 3.0 14.0 
1.0 12.0 16.0 0.0 18.0 
21.0 13.0 6.0 20.0 0.0 
0.0 23.0 11.0 5.0 0.0 
18.0 0.0 18.0 7.0 23.0 
18.0 24.0 0.0 13.0 0.0 
24.0 18.0 8.0 0.0 19.0 
2.0 22.0 21.0 15.0 0.0 
0.0 10.0 9.0 18.0 2.0 
10.0 0.0 15.0 1.0 19.0 
5.0 9.0 0.0 8.0 18.0 
18.0 17.0 24.0 0.0 7.0 
20.0 6.0 20.0 0.0 0.0 
0.0 14.0 20.0 21.0 2.0 
9.0 0.0 16.0 24.0 4.0 
5.0 9.0 0.0 14.0 24.0 
4.0 15.0 19.0 0.0 3.0 
10.0 20.0 17.0 3.0 0.0 
0.0 20.0 10.0 3.0 24.0 
10.0 0.0 9.0 1.0 14.0 
21.0 12.0 0.0 12.0 13.0 
19.0 11.0 8.0 0.0 8.0 
7.0 9.0 22.0 7.0 0.0 
0.0 0.0 23.0 0.0 10.0 
8.0 0.0 16.0 22.0 10.0 
9.0 21.0 0.0 17.0 14.0 
15.0 9.0 7.0 0.0 11.0 
8.0 21.0 9.0 16.0 0.0 
0.0 9.0 18.0 17.0 14.0 
4.0 0.0 0.0 19.0 3.0 
9.0 0.0 0.0 1.0 15.0 
17.0 13.0 1.0 0.0 21.0 
20.0 15.0 15.0 19.0 0.0 
0.0 3.0 7.0 22.0 15.0 
24.0 0.0 18.0 24.0 0.0 
24.0 17.0 0.0 16.0 19.0 
19.0 14.0 6.0 0.0 13.0 
22.0 12.0 4.0 19.0 0.0 
0.0 4.0 15.0 12.0 3.0 
23.0 0.0 16.0 17.0 4.0 
21.0 16.0 0.0 20.0 10.0 
7.0 22.0 0.0 0.0 0.0 
18.0 4.0 0.0 4.0 0.0 
