0.0 22.0 16.0 21.0 3.0 
0.0 0.0 7.0 3.0 5.0 
22.0 24.0 0.0 21.0 5.0 
2.0 20.0 4.0 0.0 11.0 
1.0 9.0 3.0 11.0 0.0 
0.0 4.0 6.0 1.0 5.0 
17.0 0.0 3.0 10.0 18.0 
8.0 14.0 0.0 5.0 11.0 
11.0 4.0 0.0 0.0 2.0 
0.0 23.0 1.0 3.0 0.0 
0.0 22.0 9.0 22.0 5.0 
17.0 0.0 24.0 10.0 17.0 
19.0 10.0 0.0 16.0 2.0 
13.0 0.0 5.0 0.0 6.0 
12.0 2.0 20.0 10.0 0.0 
0.0 14.0 12.0 4.0 24.0 
15.0 0.0 20.0 19.0 9.0 
8.0 3.0 0.0 10.0 20.0 
13.0 17.0 24.0 0.0 10.0 
5.0 2.0 1.0 22.0 0.0 
0.0 17.0 13.0 14.0 0.0 
12.0 0.0 23.0 11.0 8.0 
24.0 1.0 0.0 9.0 0.0 
1.0 24.0 22.0 0.0 3.0 
7.0 11.0 23.0 5.0 0.0 
0.0 23.0 2.0 15.0 20.0 
3.0 0.0 21.0 6.0 12.0 
12.0 23.0 0.0 12.0 12.0 
4.0 6.0 3.0 0.0 21.0 
12.0 22.0 2.0 17.0 0.0 
0.0 3.0 4.0 18.0 14.0 
0.0 0.0 18.0 15.0 9.0 
6.0 15.0 0.0 22.0 3.0 
5.0 20.0 6.0 0.0 13.0 
6.0 24.0 0.0 18.0 0.0 
0.0 1.0 23.0 13.0 10.0 
15.0 0.0 10.0 4.0 2.0 
16.0 9.0 0.0 8.0 19.0 
0.0 5.0 3.0 0.0 11.0 
21.0 23.0 21.0 17.0 0.0 
0.0 11.0 12.0 5.0 6.0 
15.0 0.0 8.0 23.0 2.0 
14.0 16.0 0.0 20.0 1.0 
20.0 20.0 16.0 0.0 21.0 
16.0 16.0 14.0 4.0 0.0 
0.0 2.0 1.0 5.0 16.0 
23.0 0.0 15.0 2.0 24.0 
0.0 12.0 0.0 0.0 20.0 
0.0 10.0 3.0 0.0 22.0 
2.0 22.0 0.0 22.0 0.0 
0.0 23.0 10.0 23.0 17.0 
4.0 0.0 14.0 10.0 10.0 
15.0 9.0 0.0 21.0 0.0 
11.0 0.0 1.0 0.0 6.0 
9.0 3.0 9.0 10.0 0.0 
0.0 16.0 6.0 17.0 2.0 
8.0 0.0 8.0 24.0 9.0 
10.0 19.0 0.0 16.0 15.0 
2.0 9.0 24.0 0.0 20.0 
24.0 10.0 3.0 10.0 0.0 
