0.0 19.0 21.0 20.0 2.0 
16.0 0.0 12.0 22.0 19.0 
8.0 7.0 0.0 20.0 5.0 
14.0 10.0 16.0 0.0 5.0 
13.0 4.0 17.0 7.0 0.0 
0.0 5.0 17.0 10.0 9.0 
8.0 0.0 5.0 7.0 2.0 
18.0 21.0 0.0 5.0 19.0 
23.0 18.0 6.0 0.0 4.0 
19.0 17.0 8.0 18.0 0.0 
0.0 4.0 12.0 0.0 23.0 
22.0 0.0 6.0 19.0 23.0 
17.0 13.0 0.0 8.0 22.0 
8.0 6.0 19.0 0.0 1.0 
17.0 18.0 4.0 19.0 0.0 
0.0 19.0 15.0 2.0 8.0 
6.0 0.0 10.0 24.0 10.0 
1.0 2.0 0.0 3.0 12.0 
9.0 15.0 2.0 0.0 13.0 
3.0 22.0 21.0 17.0 0.0 
0.0 0.0 6.0 4.0 6.0 
20.0 0.0 13.0 12.0 5.0 
18.0 11.0 0.0 0.0 2.0 
8.0 15.0 8.0 0.0 8.0 
7.0 7.0 12.0 17.0 0.0 
0.0 2.0 23.0 9.0 14.0 
6.0 0.0 7.0 19.0 6.0 
15.0 8.0 0.0 23.0 16.0 
4.0 10.0 12.0 0.0 7.0 
4.0 16.0 4.0 20.0 0.0 
0.0 18.0 6.0 5.0 8.0 
5.0 0.0 23.0 0.0 16.0 
16.0 13.0 0.0 5.0 2.0 
2.0 7.0 12.0 0.0 19.0 
9.0 4.0 10.0 3.0 0.0 
0.0 21.0 7.0 12.0 19.0 
6.0 0.0 13.0 5.0 17.0 
8.0 5.0 0.0 15.0 11.0 
22.0 24.0 15.0 0.0 5.0 
21.0 18.0 1.0 19.0 0.0 
0.0 1.0 6.0 21.0 8.0 
0.0 0.0 20.0 5.0 22.0 
15.0 18.0 0.0 8.0 5.0 
23.0 18.0 8.0 0.0 13.0 
24.0 10.0 7.0 18.0 0.0 
0.0 21.0 14.0 17.0 20.0 
8.0 0.0 6.0 22.0 11.0 
20.0 16.0 0.0 20.0 4.0 
12.0 21.0 4.0 0.0 23.0 
5.0 9.0 20.0 5.0 0.0 
0.0 20.0 7.0 8.0 24.0 
2.0 0.0 15.0 7.0 20.0 
10.0 13.0 0.0 18.0 8.0 
2.0 1.0 16.0 0.0 3.0 
0.0 20.0 20.0 6.0 0.0 
0.0 17.0 11.0 0.0 1.0 
6.0 0.0 13.0 17.0 9.0 
11.0 5.0 0.0 10.0 6.0 
20.0 17.0 22.0 0.0 18.0 
21.0 19.0 13.0 1.0 0.0 
