0.0 12.0 13.0 6.0 23.0 
3.0 0.0 2.0 12.0 4.0 
14.0 2.0 0.0 0.0 10.0 
1.0 11.0 19.0 0.0 22.0 
11.0 17.0 1.0 19.0 0.0 
0.0 18.0 7.0 20.0 9.0 
14.0 0.0 16.0 18.0 12.0 
24.0 20.0 0.0 0.0 21.0 
11.0 11.0 13.0 0.0 11.0 
20.0 23.0 8.0 0.0 0.0 
0.0 2.0 19.0 12.0 20.0 
17.0 0.0 4.0 0.0 11.0 
8.0 4.0 0.0 11.0 5.0 
2.0 1.0 4.0 0.0 12.0 
7.0 14.0 16.0 7.0 0.0 
0.0 14.0 8.0 1.0 2.0 
22.0 0.0 5.0 23.0 13.0 
20.0 6.0 0.0 14.0 15.0 
10.0 15.0 8.0 0.0 3.0 
12.0 9.0 11.0 16.0 0.0 
0.0 21.0 17.0 16.0 3.0 
10.0 0.0 5.0 4.0 13.0 
15.0 5.0 0.0 11.0 13.0 
4.0 8.0 6.0 0.0 3.0 
16.0 6.0 24.0 18.0 0.0 
0.0 21.0 8.0 1.0 2.0 
9.0 0.0 10.0 23.0 18.0 
12.0 12.0 0.0 2.0 4.0 
14.0 2.0 21.0 0.0 10.0 
3.0 16.0 13.0 15.0 0.0 
0.0 14.0 6.0 16.0 17.0 
0.0 0.0 16.0 14.0 18.0 
5.0 16.0 0.0 15.0 16.0 
22.0 20.0 24.0 0.0 7.0 
24.0 15.0 9.0 2.0 0.0 
0.0 17.0 18.0 9.0 16.0 
13.0 0.0 16.0 23.0 8.0 
8.0 4.0 0.0 17.0 19.0 
14.0 9.0 6.0 0.0 20.0 
11.0 10.0 0.0 10.0 0.0 
0.0 24.0 17.0 22.0 12.0 
23.0 0.0 12.0 4.0 13.0 
11.0 12.0 0.0 17.0 16.0 
17.0 8.0 15.0 0.0 18.0 
10.0 10.0 14.0 12.0 0.0 
0.0 23.0 16.0 14.0 19.0 
6.0 0.0 7.0 7.0 22.0 
7.0 13.0 0.0 13.0 10.0 
22.0 18.0 2.0 0.0 22.0 
8.0 4.0 7.0 15.0 0.0 
0.0 9.0 4.0 11.0 4.0 
13.0 0.0 5.0 12.0 21.0 
13.0 5.0 0.0 5.0 3.0 
12.0 11.0 21.0 0.0 7.0 
6.0 13.0 4.0 14.0 0.0 
0.0 1.0 21.0 8.0 18.0 
10.0 0.0 21.0 19.0 18.0 
15.0 22.0 0.0 16.0 1.0 
22.0 12.0 3.0 0.0 4.0 
2.0 10.0 1.0 17.0 0.0 
