0.0 7.0 7.0 21.0 1.0 
3.0 0.0 4.0 3.0 8.0 
16.0 13.0 0.0 13.0 4.0 
16.0 2.0 22.0 0.0 2.0 
10.0 22.0 15.0 14.0 0.0 
0.0 2.0 7.0 17.0 23.0 
23.0 0.0 1.0 19.0 24.0 
19.0 3.0 0.0 0.0 5.0 
13.0 17.0 12.0 0.0 7.0 
2.0 5.0 16.0 16.0 0.0 
0.0 11.0 15.0 9.0 13.0 
8.0 0.0 8.0 2.0 5.0 
10.0 0.0 0.0 7.0 2.0 
8.0 24.0 6.0 0.0 3.0 
8.0 8.0 13.0 2.0 0.0 
0.0 11.0 8.0 19.0 23.0 
12.0 0.0 5.0 7.0 9.0 
18.0 10.0 0.0 8.0 7.0 
9.0 5.0 24.0 0.0 4.0 
10.0 23.0 12.0 4.0 0.0 
0.0 1.0 11.0 19.0 3.0 
16.0 0.0 0.0 24.0 5.0 
3.0 1.0 0.0 3.0 19.0 
21.0 15.0 3.0 0.0 4.0 
1.0 5.0 3.0 24.0 0.0 
0.0 19.0 3.0 2.0 13.0 
0.0 0.0 15.0 10.0 17.0 
13.0 24.0 0.0 16.0 17.0 
23.0 20.0 16.0 0.0 20.0 
3.0 23.0 18.0 21.0 0.0 
0.0 16.0 18.0 12.0 24.0 
22.0 0.0 22.0 10.0 6.0 
0.0 12.0 0.0 24.0 5.0 
22.0 6.0 9.0 0.0 15.0 
10.0 15.0 7.0 3.0 0.0 
0.0 8.0 3.0 8.0 22.0 
12.0 0.0 20.0 5.0 22.0 
23.0 22.0 0.0 5.0 15.0 
23.0 22.0 18.0 0.0 6.0 
19.0 6.0 6.0 17.0 0.0 
0.0 20.0 10.0 16.0 17.0 
6.0 0.0 0.0 15.0 21.0 
11.0 10.0 0.0 2.0 14.0 
21.0 19.0 16.0 0.0 19.0 
17.0 0.0 10.0 11.0 0.0 
0.0 8.0 19.0 15.0 19.0 
21.0 0.0 7.0 7.0 4.0 
7.0 7.0 0.0 23.0 14.0 
23.0 17.0 1.0 0.0 20.0 
0.0 13.0 24.0 9.0 0.0 
0.0 6.0 23.0 5.0 7.0 
10.0 0.0 8.0 24.0 13.0 
3.0 18.0 0.0 10.0 14.0 
10.0 15.0 15.0 0.0 19.0 
17.0 15.0 4.0 10.0 0.0 
0.0 12.0 18.0 13.0 3.0 
10.0 0.0 21.0 1.0 18.0 
22.0 18.0 0.0 21.0 24.0 
20.0 8.0 7.0 0.0 2.0 
23.0 1.0 9.0 1.0 0.0 
