0.0 3.0 22.0 14.0 21.0 
1.0 0.0 20.0 12.0 19.0 
3.0 5.0 0.0 11.0 19.0 
8.0 4.0 23.0 0.0 13.0 
1.0 15.0 0.0 6.0 0.0 
0.0 2.0 23.0 3.0 9.0 
15.0 0.0 16.0 1.0 17.0 
4.0 10.0 0.0 4.0 7.0 
5.0 7.0 23.0 0.0 15.0 
20.0 0.0 17.0 12.0 0.0 
0.0 0.0 18.0 11.0 19.0 
11.0 0.0 3.0 17.0 21.0 
11.0 13.0 0.0 14.0 23.0 
14.0 10.0 4.0 0.0 13.0 
19.0 11.0 16.0 18.0 0.0 
0.0 5.0 0.0 18.0 6.0 
1.0 0.0 14.0 24.0 6.0 
6.0 4.0 0.0 7.0 3.0 
3.0 5.0 4.0 0.0 10.0 
4.0 12.0 11.0 8.0 0.0 
0.0 11.0 17.0 14.0 7.0 
19.0 0.0 8.0 0.0 21.0 
12.0 19.0 0.0 19.0 17.0 
13.0 20.0 17.0 0.0 18.0 
22.0 21.0 11.0 6.0 0.0 
0.0 18.0 4.0 12.0 10.0 
9.0 0.0 19.0 5.0 3.0 
16.0 16.0 0.0 20.0 2.0 
15.0 4.0 0.0 0.0 3.0 
18.0 7.0 0.0 15.0 0.0 
0.0 21.0 4.0 12.0 14.0 
22.0 0.0 0.0 14.0 11.0 
1.0 8.0 0.0 19.0 1.0 
21.0 21.0 22.0 0.0 4.0 
24.0 19.0 4.0 16.0 0.0 
0.0 4.0 15.0 22.0 0.0 
20.0 0.0 22.0 24.0 2.0 
1.0 18.0 0.0 13.0 18.0 
15.0 3.0 12.0 0.0 0.0 
14.0 24.0 21.0 0.0 0.0 
0.0 7.0 5.0 9.0 15.0 
20.0 0.0 12.0 22.0 10.0 
24.0 13.0 0.0 22.0 10.0 
17.0 8.0 11.0 0.0 1.0 
4.0 3.0 0.0 8.0 0.0 
0.0 8.0 18.0 6.0 23.0 
9.0 0.0 9.0 15.0 2.0 
4.0 23.0 0.0 9.0 15.0 
19.0 18.0 19.0 0.0 0.0 
16.0 7.0 15.0 21.0 0.0 
0.0 16.0 15.0 10.0 2.0 
8.0 0.0 12.0 0.0 8.0 
23.0 14.0 0.0 13.0 16.0 
7.0 23.0 16.0 0.0 19.0 
20.0 24.0 5.0 13.0 0.0 
0.0 17.0 14.0 9.0 2.0 
3.0 0.0 8.0 2.0 2.0 
8.0 17.0 0.0 9.0 2.0 
18.0 24.0 7.0 0.0 8.0 
6.0 0.0 7.0 6.0 0.0 
