0.0 7.0 4.0 5.0 5.0 
18.0 0.0 22.0 1.0 13.0 
20.0 19.0 0.0 11.0 4.0 
15.0 10.0 14.0 0.0 1.0 
21.0 6.0 16.0 4.0 0.0 
0.0 14.0 18.0 3.0 14.0 
9.0 0.0 3.0 4.0 19.0 
5.0 13.0 0.0 6.0 0.0 
11.0 9.0 9.0 0.0 5.0 
13.0 16.0 13.0 8.0 0.0 
0.0 12.0 8.0 4.0 23.0 
10.0 0.0 16.0 22.0 19.0 
21.0 20.0 0.0 23.0 20.0 
10.0 23.0 9.0 0.0 12.0 
18.0 21.0 2.0 24.0 0.0 
0.0 6.0 17.0 20.0 8.0 
17.0 0.0 18.0 4.0 0.0 
20.0 11.0 0.0 8.0 15.0 
24.0 20.0 9.0 0.0 20.0 
6.0 12.0 7.0 6.0 0.0 
0.0 6.0 5.0 19.0 15.0 
9.0 0.0 7.0 1.0 16.0 
10.0 23.0 0.0 19.0 23.0 
17.0 1.0 21.0 0.0 7.0 
15.0 16.0 1.0 10.0 0.0 
0.0 13.0 10.0 21.0 20.0 
17.0 0.0 17.0 23.0 3.0 
22.0 15.0 0.0 16.0 14.0 
14.0 20.0 5.0 0.0 11.0 
20.0 3.0 11.0 1.0 0.0 
0.0 24.0 23.0 1.0 21.0 
24.0 0.0 22.0 21.0 16.0 
9.0 13.0 0.0 20.0 21.0 
17.0 7.0 15.0 0.0 1.0 
13.0 0.0 10.0 7.0 0.0 
0.0 12.0 4.0 1.0 6.0 
6.0 0.0 11.0 2.0 4.0 
24.0 4.0 0.0 16.0 9.0 
10.0 9.0 20.0 0.0 4.0 
13.0 12.0 17.0 1.0 0.0 
0.0 1.0 22.0 22.0 18.0 
16.0 0.0 7.0 0.0 8.0 
20.0 23.0 0.0 1.0 20.0 
15.0 24.0 18.0 0.0 0.0 
18.0 10.0 16.0 23.0 0.0 
0.0 22.0 23.0 17.0 5.0 
22.0 0.0 15.0 10.0 23.0 
19.0 9.0 0.0 11.0 4.0 
24.0 6.0 16.0 0.0 12.0 
18.0 4.0 22.0 4.0 0.0 
0.0 4.0 7.0 20.0 12.0 
0.0 0.0 23.0 21.0 16.0 
24.0 16.0 0.0 3.0 7.0 
3.0 16.0 7.0 0.0 9.0 
8.0 3.0 1.0 23.0 0.0 
0.0 24.0 6.0 16.0 19.0 
18.0 0.0 23.0 2.0 2.0 
17.0 9.0 0.0 1.0 16.0 
23.0 20.0 3.0 0.0 0.0 
5.0 10.0 24.0 12.0 0.0 
