0.0 11.0 15.0 11.0 19.0 
15.0 0.0 24.0 11.0 4.0 
13.0 6.0 0.0 22.0 13.0 
22.0 20.0 18.0 0.0 19.0 
21.0 8.0 2.0 5.0 0.0 
0.0 2.0 13.0 6.0 19.0 
18.0 0.0 11.0 4.0 20.0 
4.0 2.0 0.0 3.0 2.0 
24.0 18.0 11.0 0.0 12.0 
7.0 5.0 2.0 17.0 0.0 
0.0 10.0 22.0 17.0 10.0 
16.0 0.0 15.0 19.0 22.0 
5.0 5.0 0.0 0.0 24.0 
20.0 8.0 7.0 0.0 24.0 
22.0 13.0 24.0 20.0 0.0 
0.0 16.0 24.0 5.0 9.0 
9.0 0.0 2.0 0.0 7.0 
2.0 24.0 0.0 11.0 16.0 
9.0 21.0 9.0 0.0 19.0 
20.0 0.0 4.0 20.0 0.0 
0.0 17.0 22.0 5.0 15.0 
9.0 0.0 9.0 1.0 8.0 
17.0 12.0 0.0 6.0 17.0 
15.0 14.0 10.0 0.0 14.0 
7.0 11.0 13.0 7.0 0.0 
0.0 0.0 8.0 18.0 11.0 
8.0 0.0 21.0 19.0 14.0 
17.0 16.0 0.0 16.0 15.0 
8.0 5.0 19.0 0.0 24.0 
20.0 18.0 19.0 11.0 0.0 
0.0 12.0 5.0 4.0 0.0 
15.0 0.0 19.0 20.0 20.0 
10.0 19.0 0.0 19.0 8.0 
4.0 16.0 2.0 0.0 13.0 
1.0 7.0 1.0 6.0 0.0 
0.0 22.0 9.0 19.0 6.0 
14.0 0.0 18.0 21.0 4.0 
7.0 8.0 0.0 5.0 13.0 
0.0 0.0 19.0 0.0 8.0 
19.0 17.0 11.0 18.0 0.0 
0.0 19.0 15.0 7.0 16.0 
5.0 0.0 16.0 1.0 24.0 
14.0 1.0 0.0 16.0 17.0 
14.0 12.0 17.0 0.0 3.0 
16.0 7.0 4.0 5.0 0.0 
0.0 19.0 23.0 14.0 10.0 
24.0 0.0 4.0 4.0 14.0 
22.0 18.0 0.0 17.0 19.0 
24.0 10.0 22.0 0.0 0.0 
23.0 24.0 24.0 0.0 0.0 
0.0 6.0 7.0 20.0 11.0 
22.0 0.0 22.0 7.0 14.0 
4.0 24.0 0.0 16.0 14.0 
3.0 16.0 21.0 0.0 19.0 
8.0 9.0 23.0 21.0 0.0 
0.0 19.0 11.0 1.0 15.0 
5.0 0.0 17.0 3.0 0.0 
22.0 9.0 0.0 10.0 17.0 
5.0 24.0 19.0 0.0 2.0 
12.0 6.0 11.0 3.0 0.0 
