0.0 15.0 14.0 7.0 21.0 
21.0 0.0 20.0 7.0 22.0 
15.0 3.0 0.0 18.0 22.0 
24.0 9.0 21.0 0.0 19.0 
15.0 22.0 22.0 24.0 0.0 
0.0 10.0 17.0 0.0 7.0 
13.0 0.0 13.0 15.0 7.0 
9.0 10.0 0.0 21.0 19.0 
24.0 5.0 9.0 0.0 22.0 
23.0 13.0 1.0 23.0 0.0 
0.0 18.0 13.0 13.0 1.0 
22.0 0.0 18.0 18.0 7.0 
14.0 24.0 0.0 18.0 6.0 
15.0 3.0 23.0 0.0 4.0 
10.0 10.0 19.0 9.0 0.0 
0.0 13.0 1.0 2.0 7.0 
20.0 0.0 20.0 21.0 24.0 
12.0 3.0 0.0 19.0 15.0 
12.0 17.0 19.0 0.0 23.0 
17.0 7.0 21.0 15.0 0.0 
0.0 15.0 14.0 23.0 21.0 
4.0 0.0 22.0 14.0 14.0 
16.0 2.0 0.0 15.0 10.0 
24.0 9.0 14.0 0.0 23.0 
10.0 5.0 10.0 16.0 0.0 
0.0 10.0 9.0 1.0 17.0 
10.0 0.0 21.0 17.0 0.0 
14.0 10.0 0.0 5.0 5.0 
9.0 20.0 5.0 0.0 0.0 
13.0 1.0 8.0 16.0 0.0 
0.0 16.0 23.0 9.0 7.0 
9.0 0.0 8.0 10.0 13.0 
17.0 4.0 0.0 19.0 3.0 
17.0 18.0 23.0 0.0 21.0 
5.0 13.0 24.0 5.0 0.0 
0.0 14.0 23.0 11.0 7.0 
3.0 0.0 9.0 8.0 0.0 
7.0 21.0 0.0 20.0 21.0 
18.0 17.0 8.0 0.0 9.0 
19.0 16.0 17.0 0.0 0.0 
0.0 8.0 13.0 18.0 24.0 
8.0 0.0 0.0 0.0 24.0 
20.0 7.0 0.0 14.0 17.0 
6.0 4.0 2.0 0.0 4.0 
10.0 10.0 1.0 2.0 0.0 
0.0 4.0 8.0 14.0 18.0 
17.0 0.0 12.0 20.0 11.0 
13.0 9.0 0.0 20.0 7.0 
22.0 10.0 11.0 0.0 23.0 
15.0 12.0 17.0 20.0 0.0 
0.0 21.0 15.0 12.0 10.0 
3.0 0.0 1.0 15.0 19.0 
2.0 9.0 0.0 12.0 24.0 
3.0 16.0 21.0 0.0 10.0 
2.0 11.0 14.0 3.0 0.0 
0.0 20.0 19.0 3.0 5.0 
5.0 0.0 10.0 5.0 14.0 
21.0 24.0 0.0 10.0 4.0 
21.0 16.0 10.0 0.0 7.0 
4.0 24.0 6.0 17.0 0.0 
