0.0 4.0 8.0 21.0 5.0 
8.0 0.0 4.0 21.0 18.0 
6.0 21.0 0.0 9.0 19.0 
2.0 22.0 2.0 0.0 1.0 
19.0 24.0 8.0 12.0 0.0 
0.0 16.0 0.0 2.0 1.0 
14.0 0.0 8.0 2.0 6.0 
21.0 11.0 0.0 18.0 15.0 
6.0 10.0 11.0 0.0 16.0 
5.0 24.0 9.0 2.0 0.0 
0.0 17.0 12.0 11.0 4.0 
2.0 0.0 21.0 8.0 19.0 
1.0 14.0 0.0 12.0 3.0 
12.0 2.0 16.0 0.0 21.0 
0.0 23.0 16.0 10.0 0.0 
0.0 0.0 9.0 16.0 0.0 
22.0 0.0 17.0 23.0 16.0 
11.0 14.0 0.0 10.0 10.0 
24.0 23.0 7.0 0.0 22.0 
22.0 7.0 15.0 16.0 0.0 
0.0 3.0 21.0 4.0 2.0 
22.0 0.0 9.0 9.0 17.0 
4.0 8.0 0.0 11.0 17.0 
17.0 8.0 0.0 0.0 23.0 
4.0 14.0 22.0 11.0 0.0 
0.0 0.0 16.0 21.0 24.0 
15.0 0.0 9.0 1.0 5.0 
0.0 5.0 0.0 13.0 0.0 
20.0 16.0 18.0 0.0 6.0 
19.0 8.0 14.0 19.0 0.0 
0.0 21.0 5.0 8.0 3.0 
16.0 0.0 5.0 17.0 20.0 
2.0 5.0 0.0 7.0 5.0 
22.0 12.0 0.0 0.0 4.0 
8.0 14.0 7.0 3.0 0.0 
0.0 7.0 21.0 18.0 16.0 
16.0 0.0 5.0 21.0 9.0 
11.0 19.0 0.0 14.0 9.0 
12.0 1.0 12.0 0.0 5.0 
12.0 18.0 22.0 21.0 0.0 
0.0 12.0 12.0 9.0 1.0 
1.0 0.0 16.0 18.0 20.0 
0.0 12.0 0.0 10.0 10.0 
6.0 8.0 17.0 0.0 20.0 
21.0 17.0 9.0 15.0 0.0 
0.0 23.0 3.0 18.0 0.0 
3.0 0.0 12.0 20.0 19.0 
8.0 18.0 0.0 10.0 2.0 
17.0 18.0 22.0 0.0 16.0 
18.0 15.0 23.0 22.0 0.0 
0.0 3.0 1.0 19.0 15.0 
3.0 0.0 23.0 14.0 10.0 
9.0 20.0 0.0 5.0 15.0 
4.0 8.0 24.0 0.0 16.0 
15.0 24.0 22.0 15.0 0.0 
0.0 0.0 6.0 20.0 11.0 
8.0 0.0 17.0 20.0 0.0 
17.0 2.0 0.0 5.0 10.0 
21.0 22.0 23.0 0.0 22.0 
11.0 4.0 7.0 12.0 0.0 
