0.0 7.0 7.0 15.0 3.0 
2.0 0.0 12.0 16.0 8.0 
16.0 0.0 0.0 13.0 17.0 
2.0 1.0 15.0 0.0 18.0 
22.0 2.0 21.0 3.0 0.0 
0.0 3.0 17.0 2.0 4.0 
16.0 0.0 22.0 21.0 21.0 
1.0 23.0 0.0 7.0 21.0 
1.0 13.0 22.0 0.0 15.0 
18.0 9.0 21.0 11.0 0.0 
0.0 3.0 22.0 0.0 9.0 
13.0 0.0 21.0 14.0 19.0 
17.0 12.0 0.0 8.0 8.0 
20.0 3.0 14.0 0.0 24.0 
11.0 21.0 17.0 24.0 0.0 
0.0 15.0 5.0 24.0 10.0 
12.0 0.0 9.0 14.0 4.0 
23.0 19.0 0.0 1.0 2.0 
1.0 21.0 17.0 0.0 9.0 
18.0 12.0 9.0 16.0 0.0 
0.0 5.0 6.0 14.0 5.0 
2.0 0.0 3.0 21.0 7.0 
24.0 0.0 0.0 9.0 2.0 
10.0 1.0 7.0 0.0 10.0 
9.0 12.0 16.0 9.0 0.0 
0.0 10.0 14.0 2.0 12.0 
16.0 0.0 13.0 13.0 12.0 
22.0 1.0 0.0 9.0 19.0 
2.0 1.0 9.0 0.0 8.0 
10.0 5.0 18.0 17.0 0.0 
0.0 11.0 24.0 22.0 21.0 
22.0 0.0 11.0 4.0 1.0 
1.0 8.0 0.0 21.0 9.0 
24.0 23.0 9.0 0.0 6.0 
19.0 14.0 4.0 7.0 0.0 
0.0 4.0 17.0 23.0 1.0 
6.0 0.0 20.0 22.0 23.0 
7.0 16.0 0.0 3.0 12.0 
1.0 2.0 22.0 0.0 8.0 
10.0 6.0 18.0 23.0 0.0 
0.0 2.0 9.0 7.0 21.0 
6.0 0.0 17.0 9.0 16.0 
17.0 2.0 0.0 5.0 9.0 
6.0 24.0 11.0 0.0 10.0 
21.0 4.0 16.0 24.0 0.0 
0.0 7.0 12.0 6.0 21.0 
18.0 0.0 22.0 13.0 22.0 
8.0 24.0 0.0 10.0 9.0 
20.0 14.0 6.0 0.0 24.0 
3.0 21.0 15.0 10.0 0.0 
0.0 19.0 21.0 2.0 21.0 
11.0 0.0 6.0 24.0 13.0 
10.0 24.0 0.0 24.0 14.0 
23.0 20.0 13.0 0.0 16.0 
5.0 3.0 19.0 7.0 0.0 
0.0 24.0 24.0 23.0 15.0 
13.0 0.0 6.0 14.0 2.0 
13.0 20.0 0.0 21.0 2.0 
6.0 15.0 4.0 0.0 17.0 
19.0 20.0 16.0 8.0 0.0 
