0.0 6.0 16.0 7.0 11.0 
16.0 0.0 5.0 17.0 5.0 
23.0 6.0 0.0 19.0 16.0 
12.0 15.0 1.0 0.0 23.0 
21.0 8.0 7.0 16.0 0.0 
0.0 9.0 14.0 10.0 6.0 
13.0 0.0 22.0 22.0 14.0 
24.0 18.0 0.0 21.0 24.0 
16.0 19.0 2.0 0.0 21.0 
18.0 14.0 15.0 22.0 0.0 
0.0 0.0 21.0 17.0 11.0 
18.0 0.0 16.0 1.0 20.0 
11.0 24.0 0.0 24.0 18.0 
6.0 8.0 7.0 0.0 19.0 
22.0 11.0 3.0 12.0 0.0 
0.0 15.0 6.0 6.0 0.0 
4.0 0.0 1.0 6.0 20.0 
11.0 9.0 0.0 0.0 0.0 
13.0 23.0 13.0 0.0 12.0 
4.0 6.0 0.0 10.0 0.0 
0.0 22.0 22.0 21.0 18.0 
0.0 0.0 17.0 20.0 18.0 
22.0 0.0 0.0 1.0 8.0 
14.0 16.0 22.0 0.0 10.0 
22.0 23.0 15.0 20.0 0.0 
0.0 12.0 19.0 17.0 18.0 
0.0 0.0 1.0 18.0 7.0 
1.0 17.0 0.0 13.0 2.0 
14.0 23.0 15.0 0.0 7.0 
20.0 10.0 17.0 2.0 0.0 
0.0 2.0 16.0 23.0 24.0 
23.0 0.0 23.0 22.0 18.0 
12.0 3.0 0.0 23.0 13.0 
1.0 8.0 19.0 0.0 24.0 
4.0 19.0 5.0 13.0 0.0 
0.0 15.0 16.0 20.0 19.0 
8.0 0.0 5.0 18.0 6.0 
0.0 19.0 0.0 9.0 4.0 
0.0 5.0 9.0 0.0 21.0 
0.0 17.0 2.0 9.0 0.0 
0.0 13.0 1.0 8.0 22.0 
23.0 0.0 15.0 14.0 8.0 
5.0 13.0 0.0 15.0 2.0 
11.0 10.0 7.0 0.0 24.0 
11.0 14.0 4.0 20.0 0.0 
0.0 9.0 18.0 4.0 14.0 
21.0 0.0 4.0 11.0 21.0 
22.0 22.0 0.0 22.0 5.0 
15.0 22.0 3.0 0.0 9.0 
12.0 4.0 5.0 18.0 0.0 
0.0 10.0 14.0 9.0 1.0 
0.0 0.0 10.0 12.0 21.0 
13.0 24.0 0.0 23.0 7.0 
16.0 6.0 22.0 0.0 18.0 
0.0 17.0 5.0 3.0 0.0 
0.0 24.0 10.0 12.0 10.0 
6.0 0.0 6.0 11.0 13.0 
2.0 16.0 0.0 3.0 11.0 
21.0 10.0 3.0 0.0 9.0 
6.0 22.0 20.0 13.0 0.0 
