0.0 11.0 23.0 22.0 18.0 
1.0 0.0 18.0 7.0 14.0 
1.0 16.0 0.0 22.0 22.0 
20.0 24.0 3.0 0.0 17.0 
9.0 2.0 20.0 8.0 0.0 
0.0 12.0 5.0 11.0 22.0 
9.0 0.0 10.0 8.0 2.0 
24.0 12.0 0.0 7.0 22.0 
18.0 4.0 17.0 0.0 10.0 
2.0 21.0 0.0 19.0 0.0 
0.0 23.0 11.0 19.0 23.0 
10.0 0.0 13.0 11.0 24.0 
10.0 12.0 0.0 0.0 5.0 
8.0 20.0 1.0 0.0 18.0 
2.0 10.0 16.0 3.0 0.0 
0.0 10.0 5.0 20.0 12.0 
19.0 0.0 12.0 12.0 24.0 
7.0 0.0 0.0 9.0 23.0 
8.0 23.0 3.0 0.0 8.0 
19.0 18.0 2.0 7.0 0.0 
0.0 11.0 15.0 8.0 17.0 
4.0 0.0 17.0 20.0 7.0 
12.0 15.0 0.0 18.0 6.0 
9.0 8.0 12.0 0.0 5.0 
6.0 5.0 19.0 18.0 0.0 
0.0 22.0 8.0 8.0 2.0 
0.0 0.0 19.0 4.0 3.0 
13.0 3.0 0.0 1.0 24.0 
20.0 12.0 15.0 0.0 18.0 
6.0 20.0 17.0 23.0 0.0 
0.0 10.0 7.0 2.0 3.0 
14.0 0.0 16.0 15.0 14.0 
19.0 1.0 0.0 4.0 3.0 
6.0 10.0 16.0 0.0 9.0 
5.0 1.0 23.0 21.0 0.0 
0.0 19.0 17.0 23.0 12.0 
8.0 0.0 12.0 4.0 10.0 
8.0 7.0 0.0 20.0 20.0 
12.0 19.0 4.0 0.0 12.0 
12.0 7.0 6.0 8.0 0.0 
0.0 22.0 8.0 19.0 23.0 
5.0 0.0 19.0 15.0 7.0 
24.0 20.0 0.0 22.0 23.0 
22.0 13.0 12.0 0.0 20.0 
7.0 0.0 17.0 23.0 0.0 
0.0 1.0 7.0 5.0 2.0 
5.0 0.0 10.0 16.0 5.0 
8.0 10.0 0.0 20.0 11.0 
23.0 16.0 22.0 0.0 14.0 
23.0 20.0 7.0 10.0 0.0 
0.0 15.0 15.0 17.0 9.0 
4.0 0.0 7.0 21.0 18.0 
16.0 5.0 0.0 5.0 0.0 
10.0 19.0 13.0 0.0 9.0 
20.0 10.0 14.0 23.0 0.0 
0.0 6.0 6.0 24.0 14.0 
1.0 0.0 23.0 24.0 23.0 
12.0 19.0 0.0 18.0 15.0 
17.0 18.0 7.0 0.0 11.0 
19.0 3.0 6.0 22.0 0.0 
