0.0 4.0 8.0 1.0 10.0 
23.0 0.0 0.0 5.0 2.0 
8.0 22.0 0.0 14.0 22.0 
21.0 23.0 16.0 0.0 6.0 
16.0 15.0 21.0 12.0 0.0 
0.0 14.0 7.0 0.0 9.0 
2.0 0.0 1.0 0.0 12.0 
16.0 12.0 0.0 18.0 17.0 
4.0 22.0 20.0 0.0 7.0 
8.0 19.0 14.0 14.0 0.0 
0.0 11.0 17.0 16.0 20.0 
11.0 0.0 0.0 11.0 13.0 
2.0 24.0 0.0 14.0 12.0 
7.0 16.0 14.0 0.0 18.0 
5.0 9.0 18.0 7.0 0.0 
0.0 8.0 22.0 9.0 4.0 
11.0 0.0 4.0 10.0 9.0 
15.0 4.0 0.0 21.0 4.0 
11.0 11.0 23.0 0.0 23.0 
13.0 11.0 22.0 10.0 0.0 
0.0 9.0 2.0 6.0 14.0 
14.0 0.0 14.0 2.0 5.0 
23.0 6.0 0.0 3.0 23.0 
1.0 16.0 5.0 0.0 15.0 
5.0 1.0 24.0 21.0 0.0 
0.0 5.0 18.0 1.0 10.0 
1.0 0.0 17.0 10.0 8.0 
16.0 4.0 0.0 19.0 3.0 
0.0 18.0 12.0 0.0 24.0 
6.0 18.0 7.0 2.0 0.0 
0.0 17.0 19.0 24.0 12.0 
23.0 0.0 2.0 8.0 21.0 
2.0 19.0 0.0 4.0 13.0 
24.0 16.0 21.0 0.0 21.0 
23.0 19.0 15.0 4.0 0.0 
0.0 21.0 19.0 14.0 19.0 
7.0 0.0 2.0 22.0 4.0 
23.0 5.0 0.0 16.0 2.0 
19.0 16.0 14.0 0.0 22.0 
5.0 7.0 19.0 18.0 0.0 
0.0 5.0 20.0 5.0 6.0 
21.0 0.0 19.0 6.0 21.0 
14.0 1.0 0.0 23.0 4.0 
18.0 15.0 23.0 0.0 13.0 
8.0 19.0 17.0 14.0 0.0 
0.0 8.0 9.0 7.0 23.0 
2.0 0.0 5.0 17.0 14.0 
12.0 3.0 0.0 5.0 19.0 
0.0 23.0 15.0 0.0 6.0 
24.0 6.0 23.0 6.0 0.0 
0.0 20.0 23.0 1.0 11.0 
23.0 0.0 2.0 12.0 7.0 
0.0 5.0 0.0 19.0 5.0 
4.0 24.0 11.0 0.0 23.0 
0.0 0.0 10.0 23.0 0.0 
0.0 17.0 8.0 20.0 8.0 
1.0 0.0 9.0 22.0 21.0 
3.0 23.0 0.0 23.0 15.0 
11.0 15.0 6.0 0.0 0.0 
3.0 24.0 7.0 22.0 0.0 
