0.0 14.0 2.0 16.0 17.0 
24.0 0.0 12.0 22.0 9.0 
14.0 4.0 0.0 19.0 9.0 
22.0 24.0 23.0 0.0 16.0 
13.0 22.0 4.0 24.0 0.0 
0.0 14.0 19.0 8.0 9.0 
6.0 0.0 12.0 18.0 21.0 
13.0 8.0 0.0 6.0 19.0 
24.0 14.0 12.0 0.0 11.0 
12.0 20.0 13.0 3.0 0.0 
0.0 3.0 0.0 6.0 9.0 
16.0 0.0 1.0 14.0 9.0 
3.0 3.0 0.0 22.0 8.0 
10.0 19.0 13.0 0.0 7.0 
13.0 6.0 6.0 6.0 0.0 
0.0 1.0 3.0 18.0 4.0 
16.0 0.0 6.0 11.0 7.0 
8.0 21.0 0.0 20.0 5.0 
7.0 9.0 24.0 0.0 11.0 
17.0 8.0 16.0 4.0 0.0 
0.0 12.0 6.0 17.0 12.0 
16.0 0.0 18.0 20.0 11.0 
2.0 19.0 0.0 10.0 5.0 
23.0 17.0 0.0 0.0 17.0 
22.0 22.0 13.0 9.0 0.0 
0.0 0.0 12.0 5.0 7.0 
22.0 0.0 17.0 16.0 3.0 
7.0 1.0 0.0 24.0 2.0 
4.0 24.0 15.0 0.0 16.0 
12.0 14.0 0.0 6.0 0.0 
0.0 7.0 18.0 7.0 13.0 
7.0 0.0 10.0 23.0 19.0 
16.0 17.0 0.0 12.0 8.0 
22.0 23.0 19.0 0.0 1.0 
5.0 20.0 22.0 8.0 0.0 
0.0 16.0 18.0 14.0 2.0 
18.0 0.0 11.0 4.0 21.0 
21.0 15.0 0.0 4.0 5.0 
11.0 12.0 14.0 0.0 19.0 
3.0 19.0 2.0 16.0 0.0 
0.0 9.0 11.0 21.0 10.0 
6.0 0.0 24.0 21.0 5.0 
7.0 11.0 0.0 16.0 11.0 
6.0 10.0 12.0 0.0 10.0 
12.0 20.0 0.0 3.0 0.0 
0.0 16.0 15.0 15.0 12.0 
9.0 0.0 22.0 17.0 24.0 
17.0 3.0 0.0 14.0 7.0 
14.0 19.0 12.0 0.0 14.0 
19.0 6.0 0.0 14.0 0.0 
0.0 5.0 3.0 21.0 12.0 
7.0 0.0 4.0 22.0 16.0 
6.0 6.0 0.0 10.0 2.0 
7.0 21.0 14.0 0.0 19.0 
10.0 9.0 3.0 12.0 0.0 
0.0 5.0 23.0 15.0 4.0 
4.0 0.0 17.0 13.0 9.0 
0.0 18.0 0.0 8.0 21.0 
18.0 16.0 2.0 0.0 4.0 
18.0 12.0 23.0 7.0 0.0 
