0.0 11.0 7.0 22.0 4.0 
23.0 0.0 1.0 14.0 18.0 
11.0 0.0 0.0 17.0 4.0 
6.0 23.0 22.0 0.0 19.0 
0.0 15.0 21.0 15.0 0.0 
0.0 23.0 13.0 23.0 4.0 
16.0 0.0 8.0 4.0 18.0 
9.0 14.0 0.0 7.0 24.0 
14.0 10.0 1.0 0.0 17.0 
4.0 24.0 10.0 0.0 0.0 
0.0 15.0 23.0 13.0 23.0 
3.0 0.0 13.0 7.0 2.0 
6.0 9.0 0.0 5.0 4.0 
13.0 7.0 13.0 0.0 4.0 
19.0 15.0 22.0 0.0 0.0 
0.0 15.0 4.0 0.0 1.0 
22.0 0.0 23.0 6.0 8.0 
7.0 21.0 0.0 20.0 9.0 
6.0 17.0 8.0 0.0 12.0 
14.0 14.0 3.0 21.0 0.0 
0.0 11.0 1.0 7.0 13.0 
7.0 0.0 4.0 10.0 21.0 
14.0 8.0 0.0 2.0 23.0 
11.0 15.0 5.0 0.0 23.0 
10.0 1.0 19.0 2.0 0.0 
0.0 23.0 14.0 10.0 12.0 
14.0 0.0 13.0 3.0 13.0 
16.0 22.0 0.0 18.0 5.0 
10.0 15.0 21.0 0.0 24.0 
2.0 13.0 8.0 24.0 0.0 
0.0 1.0 9.0 7.0 4.0 
16.0 0.0 21.0 14.0 14.0 
1.0 18.0 0.0 5.0 16.0 
12.0 11.0 13.0 0.0 22.0 
21.0 21.0 2.0 11.0 0.0 
0.0 15.0 9.0 9.0 1.0 
18.0 0.0 0.0 18.0 24.0 
5.0 21.0 0.0 24.0 3.0 
10.0 22.0 11.0 0.0 8.0 
12.0 11.0 7.0 2.0 0.0 
0.0 6.0 5.0 21.0 12.0 
24.0 0.0 13.0 23.0 23.0 
24.0 15.0 0.0 14.0 21.0 
7.0 3.0 9.0 0.0 16.0 
7.0 6.0 12.0 16.0 0.0 
0.0 17.0 5.0 23.0 22.0 
10.0 0.0 20.0 15.0 16.0 
9.0 5.0 0.0 5.0 8.0 
14.0 9.0 11.0 0.0 15.0 
23.0 0.0 7.0 9.0 0.0 
0.0 17.0 18.0 17.0 4.0 
18.0 0.0 18.0 7.0 22.0 
17.0 11.0 0.0 17.0 13.0 
24.0 24.0 3.0 0.0 20.0 
8.0 22.0 19.0 14.0 0.0 
0.0 17.0 10.0 20.0 22.0 
19.0 0.0 15.0 22.0 15.0 
4.0 0.0 0.0 0.0 2.0 
0.0 0.0 18.0 0.0 7.0 
19.0 10.0 24.0 21.0 0.0 
