0.0 2.0 12.0 22.0 0.0 
21.0 0.0 19.0 12.0 2.0 
6.0 11.0 0.0 14.0 1.0 
8.0 5.0 9.0 0.0 14.0 
4.0 4.0 21.0 6.0 0.0 
0.0 12.0 11.0 20.0 10.0 
8.0 0.0 7.0 0.0 20.0 
12.0 22.0 0.0 3.0 0.0 
4.0 19.0 1.0 0.0 8.0 
13.0 5.0 1.0 17.0 0.0 
0.0 4.0 6.0 22.0 11.0 
18.0 0.0 18.0 4.0 12.0 
19.0 9.0 0.0 18.0 15.0 
22.0 10.0 12.0 0.0 20.0 
10.0 3.0 17.0 1.0 0.0 
0.0 17.0 18.0 19.0 9.0 
5.0 0.0 0.0 10.0 5.0 
19.0 18.0 0.0 10.0 2.0 
24.0 19.0 11.0 0.0 24.0 
2.0 10.0 2.0 24.0 0.0 
0.0 24.0 20.0 22.0 7.0 
14.0 0.0 10.0 13.0 11.0 
4.0 4.0 0.0 15.0 19.0 
22.0 20.0 7.0 0.0 5.0 
4.0 11.0 23.0 17.0 0.0 
0.0 21.0 7.0 8.0 13.0 
5.0 0.0 13.0 20.0 10.0 
24.0 17.0 0.0 14.0 10.0 
23.0 17.0 11.0 0.0 4.0 
2.0 9.0 13.0 3.0 0.0 
0.0 2.0 19.0 19.0 1.0 
22.0 0.0 20.0 13.0 10.0 
20.0 22.0 0.0 9.0 10.0 
5.0 5.0 13.0 0.0 7.0 
16.0 21.0 6.0 2.0 0.0 
0.0 7.0 5.0 4.0 3.0 
8.0 0.0 6.0 20.0 4.0 
22.0 11.0 0.0 8.0 15.0 
18.0 13.0 7.0 0.0 0.0 
1.0 19.0 3.0 18.0 0.0 
0.0 10.0 10.0 22.0 14.0 
15.0 0.0 23.0 20.0 20.0 
11.0 4.0 0.0 2.0 18.0 
12.0 1.0 10.0 0.0 24.0 
18.0 18.0 1.0 2.0 0.0 
0.0 16.0 20.0 5.0 12.0 
12.0 0.0 8.0 1.0 15.0 
13.0 19.0 0.0 10.0 24.0 
4.0 16.0 16.0 0.0 0.0 
15.0 4.0 7.0 20.0 0.0 
0.0 23.0 8.0 3.0 7.0 
17.0 0.0 18.0 11.0 23.0 
4.0 15.0 0.0 21.0 7.0 
8.0 8.0 23.0 0.0 17.0 
22.0 4.0 12.0 6.0 0.0 
0.0 15.0 9.0 4.0 17.0 
20.0 0.0 4.0 23.0 5.0 
6.0 24.0 0.0 20.0 21.0 
22.0 9.0 9.0 0.0 10.0 
17.0 14.0 16.0 20.0 0.0 
