0.0 12.0 14.0 0.0 16.0 
3.0 0.0 8.0 22.0 22.0 
1.0 6.0 0.0 11.0 8.0 
2.0 3.0 21.0 0.0 12.0 
3.0 23.0 6.0 4.0 0.0 
0.0 9.0 21.0 17.0 14.0 
17.0 0.0 21.0 6.0 0.0 
4.0 3.0 0.0 24.0 15.0 
2.0 24.0 20.0 0.0 0.0 
4.0 23.0 11.0 17.0 0.0 
0.0 2.0 0.0 11.0 17.0 
6.0 0.0 21.0 6.0 21.0 
3.0 6.0 0.0 20.0 22.0 
16.0 19.0 1.0 0.0 16.0 
21.0 10.0 4.0 5.0 0.0 
0.0 21.0 24.0 10.0 15.0 
16.0 0.0 9.0 0.0 0.0 
14.0 10.0 0.0 8.0 15.0 
13.0 6.0 21.0 0.0 8.0 
8.0 11.0 14.0 16.0 0.0 
0.0 4.0 20.0 22.0 13.0 
19.0 0.0 11.0 2.0 2.0 
11.0 6.0 0.0 17.0 11.0 
7.0 8.0 9.0 0.0 19.0 
18.0 13.0 6.0 1.0 0.0 
0.0 10.0 13.0 7.0 7.0 
1.0 0.0 17.0 9.0 12.0 
3.0 14.0 0.0 16.0 11.0 
7.0 21.0 10.0 0.0 18.0 
4.0 1.0 10.0 13.0 0.0 
0.0 5.0 13.0 16.0 10.0 
5.0 0.0 0.0 12.0 10.0 
19.0 6.0 0.0 12.0 11.0 
13.0 21.0 19.0 0.0 6.0 
2.0 3.0 23.0 15.0 0.0 
0.0 23.0 14.0 9.0 4.0 
23.0 0.0 8.0 23.0 14.0 
22.0 21.0 0.0 12.0 16.0 
16.0 13.0 21.0 0.0 12.0 
15.0 4.0 23.0 22.0 0.0 
0.0 5.0 18.0 1.0 23.0 
1.0 0.0 21.0 3.0 6.0 
8.0 1.0 0.0 19.0 14.0 
6.0 3.0 22.0 0.0 8.0 
21.0 13.0 2.0 20.0 0.0 
0.0 13.0 4.0 13.0 12.0 
19.0 0.0 10.0 19.0 10.0 
15.0 20.0 0.0 4.0 19.0 
14.0 5.0 0.0 0.0 6.0 
22.0 18.0 4.0 12.0 0.0 
0.0 23.0 6.0 2.0 4.0 
17.0 0.0 0.0 14.0 22.0 
9.0 21.0 0.0 21.0 13.0 
24.0 8.0 15.0 0.0 12.0 
8.0 7.0 20.0 5.0 0.0 
0.0 16.0 22.0 24.0 10.0 
24.0 0.0 20.0 14.0 21.0 
8.0 8.0 0.0 24.0 20.0 
12.0 14.0 17.0 0.0 2.0 
11.0 6.0 20.0 10.0 0.0 
