0.0 8.0 3.0 19.0 9.0 
4.0 0.0 16.0 23.0 0.0 
1.0 19.0 0.0 20.0 19.0 
5.0 15.0 17.0 0.0 18.0 
23.0 1.0 0.0 16.0 0.0 
0.0 7.0 10.0 23.0 24.0 
17.0 0.0 10.0 15.0 13.0 
6.0 11.0 0.0 7.0 0.0 
20.0 15.0 9.0 0.0 5.0 
7.0 18.0 7.0 6.0 0.0 
0.0 24.0 12.0 4.0 23.0 
16.0 0.0 4.0 16.0 3.0 
6.0 14.0 0.0 17.0 23.0 
10.0 21.0 7.0 0.0 8.0 
18.0 20.0 3.0 21.0 0.0 
0.0 21.0 5.0 13.0 8.0 
16.0 0.0 4.0 5.0 5.0 
17.0 16.0 0.0 11.0 20.0 
5.0 4.0 16.0 0.0 10.0 
0.0 6.0 24.0 0.0 0.0 
0.0 3.0 3.0 11.0 15.0 
9.0 0.0 0.0 22.0 21.0 
0.0 2.0 0.0 23.0 9.0 
14.0 23.0 15.0 0.0 18.0 
8.0 0.0 9.0 3.0 0.0 
0.0 3.0 4.0 5.0 14.0 
4.0 0.0 2.0 2.0 16.0 
6.0 6.0 0.0 22.0 9.0 
9.0 16.0 10.0 0.0 20.0 
21.0 1.0 22.0 14.0 0.0 
0.0 15.0 9.0 22.0 6.0 
22.0 0.0 6.0 23.0 16.0 
9.0 18.0 0.0 1.0 8.0 
20.0 18.0 2.0 0.0 18.0 
17.0 21.0 23.0 2.0 0.0 
0.0 22.0 11.0 12.0 18.0 
24.0 0.0 10.0 11.0 23.0 
3.0 4.0 0.0 22.0 11.0 
7.0 2.0 5.0 0.0 0.0 
3.0 17.0 10.0 0.0 0.0 
0.0 9.0 3.0 9.0 23.0 
0.0 0.0 8.0 19.0 4.0 
23.0 19.0 0.0 12.0 14.0 
19.0 19.0 8.0 0.0 7.0 
9.0 2.0 24.0 9.0 0.0 
0.0 9.0 2.0 6.0 9.0 
23.0 0.0 4.0 22.0 8.0 
16.0 23.0 0.0 19.0 20.0 
9.0 3.0 2.0 0.0 16.0 
3.0 17.0 4.0 1.0 0.0 
0.0 2.0 8.0 15.0 21.0 
6.0 0.0 9.0 15.0 19.0 
24.0 18.0 0.0 23.0 10.0 
4.0 11.0 13.0 0.0 17.0 
20.0 11.0 9.0 3.0 0.0 
0.0 10.0 8.0 17.0 10.0 
20.0 0.0 18.0 7.0 13.0 
5.0 11.0 0.0 6.0 7.0 
20.0 14.0 8.0 0.0 20.0 
24.0 10.0 14.0 8.0 0.0 
