0.0 4.0 19.0 9.0 1.0 
6.0 0.0 5.0 3.0 10.0 
2.0 23.0 0.0 9.0 20.0 
7.0 15.0 7.0 0.0 18.0 
18.0 13.0 21.0 3.0 0.0 
0.0 14.0 21.0 11.0 24.0 
5.0 0.0 23.0 18.0 0.0 
9.0 2.0 0.0 12.0 24.0 
2.0 22.0 14.0 0.0 18.0 
16.0 21.0 22.0 22.0 0.0 
0.0 8.0 20.0 23.0 16.0 
5.0 0.0 7.0 13.0 9.0 
23.0 6.0 0.0 24.0 15.0 
19.0 5.0 11.0 0.0 16.0 
3.0 20.0 9.0 17.0 0.0 
0.0 22.0 21.0 23.0 20.0 
21.0 0.0 5.0 24.0 23.0 
3.0 7.0 0.0 24.0 17.0 
20.0 2.0 7.0 0.0 10.0 
2.0 8.0 6.0 13.0 0.0 
0.0 23.0 11.0 16.0 9.0 
3.0 0.0 17.0 17.0 9.0 
6.0 22.0 0.0 0.0 13.0 
11.0 11.0 6.0 0.0 21.0 
24.0 1.0 21.0 3.0 0.0 
0.0 22.0 4.0 22.0 21.0 
24.0 0.0 22.0 13.0 18.0 
9.0 2.0 0.0 18.0 8.0 
5.0 2.0 16.0 0.0 11.0 
1.0 16.0 11.0 22.0 0.0 
0.0 24.0 23.0 24.0 7.0 
22.0 0.0 22.0 5.0 9.0 
10.0 24.0 0.0 19.0 19.0 
20.0 3.0 13.0 0.0 16.0 
2.0 17.0 22.0 14.0 0.0 
0.0 22.0 11.0 19.0 14.0 
18.0 0.0 18.0 20.0 21.0 
23.0 8.0 0.0 12.0 0.0 
23.0 20.0 5.0 0.0 4.0 
5.0 14.0 8.0 17.0 0.0 
0.0 2.0 6.0 2.0 19.0 
2.0 0.0 13.0 8.0 23.0 
1.0 11.0 0.0 8.0 0.0 
5.0 8.0 0.0 0.0 2.0 
15.0 15.0 16.0 5.0 0.0 
0.0 18.0 1.0 13.0 7.0 
14.0 0.0 5.0 5.0 15.0 
23.0 15.0 0.0 18.0 8.0 
0.0 14.0 14.0 0.0 18.0 
16.0 3.0 19.0 22.0 0.0 
0.0 4.0 4.0 13.0 24.0 
23.0 0.0 6.0 6.0 22.0 
4.0 12.0 0.0 19.0 0.0 
7.0 15.0 17.0 0.0 5.0 
10.0 3.0 12.0 24.0 0.0 
0.0 11.0 14.0 8.0 18.0 
20.0 0.0 0.0 5.0 9.0 
17.0 9.0 0.0 24.0 20.0 
0.0 11.0 23.0 0.0 19.0 
7.0 24.0 21.0 0.0 0.0 
