0.0 16.0 20.0 7.0 20.0 
23.0 0.0 20.0 10.0 14.0 
1.0 14.0 0.0 6.0 3.0 
8.0 18.0 24.0 0.0 8.0 
18.0 16.0 2.0 5.0 0.0 
0.0 24.0 19.0 17.0 15.0 
6.0 0.0 10.0 4.0 8.0 
0.0 5.0 0.0 19.0 1.0 
12.0 10.0 3.0 0.0 13.0 
3.0 2.0 15.0 8.0 0.0 
0.0 18.0 6.0 14.0 12.0 
22.0 0.0 21.0 8.0 21.0 
20.0 2.0 0.0 15.0 4.0 
15.0 13.0 2.0 0.0 24.0 
5.0 12.0 18.0 9.0 0.0 
0.0 3.0 14.0 16.0 20.0 
6.0 0.0 13.0 14.0 13.0 
8.0 8.0 0.0 14.0 8.0 
17.0 17.0 19.0 0.0 22.0 
5.0 22.0 17.0 17.0 0.0 
0.0 21.0 23.0 19.0 18.0 
14.0 0.0 19.0 10.0 11.0 
20.0 11.0 0.0 20.0 4.0 
6.0 19.0 1.0 0.0 2.0 
24.0 22.0 13.0 18.0 0.0 
0.0 22.0 17.0 5.0 12.0 
23.0 0.0 11.0 2.0 15.0 
9.0 18.0 0.0 2.0 7.0 
23.0 6.0 13.0 0.0 20.0 
4.0 15.0 15.0 0.0 0.0 
0.0 18.0 8.0 17.0 3.0 
8.0 0.0 10.0 7.0 20.0 
15.0 17.0 0.0 20.0 17.0 
14.0 4.0 9.0 0.0 3.0 
3.0 9.0 23.0 23.0 0.0 
0.0 24.0 14.0 16.0 22.0 
4.0 0.0 20.0 12.0 16.0 
13.0 0.0 0.0 7.0 23.0 
19.0 22.0 4.0 0.0 2.0 
4.0 13.0 12.0 14.0 0.0 
0.0 14.0 2.0 6.0 3.0 
1.0 0.0 2.0 10.0 9.0 
8.0 5.0 0.0 4.0 9.0 
3.0 6.0 12.0 0.0 8.0 
24.0 19.0 24.0 10.0 0.0 
0.0 10.0 10.0 5.0 10.0 
15.0 0.0 7.0 8.0 14.0 
5.0 21.0 0.0 9.0 18.0 
2.0 19.0 9.0 0.0 21.0 
20.0 9.0 11.0 3.0 0.0 
0.0 23.0 5.0 17.0 8.0 
6.0 0.0 3.0 1.0 16.0 
18.0 23.0 0.0 14.0 13.0 
10.0 19.0 5.0 0.0 4.0 
13.0 7.0 1.0 5.0 0.0 
0.0 10.0 24.0 1.0 13.0 
5.0 0.0 18.0 9.0 1.0 
7.0 5.0 0.0 10.0 13.0 
17.0 16.0 20.0 0.0 10.0 
7.0 4.0 12.0 16.0 0.0 
