0.0 1.0 24.0 23.0 3.0 
12.0 0.0 13.0 24.0 0.0 
22.0 8.0 0.0 4.0 13.0 
2.0 13.0 22.0 0.0 22.0 
2.0 9.0 21.0 17.0 0.0 
0.0 2.0 16.0 0.0 19.0 
13.0 0.0 6.0 15.0 18.0 
23.0 20.0 0.0 14.0 4.0 
17.0 23.0 4.0 0.0 5.0 
18.0 10.0 24.0 15.0 0.0 
0.0 24.0 17.0 3.0 8.0 
18.0 0.0 6.0 24.0 22.0 
16.0 22.0 0.0 19.0 17.0 
20.0 22.0 9.0 0.0 2.0 
23.0 9.0 12.0 14.0 0.0 
0.0 21.0 18.0 11.0 21.0 
10.0 0.0 21.0 7.0 11.0 
15.0 22.0 0.0 19.0 7.0 
17.0 12.0 24.0 0.0 12.0 
3.0 1.0 5.0 23.0 0.0 
0.0 15.0 24.0 3.0 4.0 
0.0 0.0 14.0 0.0 6.0 
8.0 18.0 0.0 9.0 12.0 
6.0 6.0 21.0 0.0 10.0 
4.0 14.0 24.0 16.0 0.0 
0.0 22.0 8.0 0.0 21.0 
7.0 0.0 19.0 13.0 13.0 
22.0 24.0 0.0 7.0 21.0 
4.0 1.0 18.0 0.0 5.0 
19.0 20.0 8.0 3.0 0.0 
0.0 3.0 6.0 3.0 14.0 
13.0 0.0 1.0 21.0 13.0 
14.0 0.0 0.0 2.0 12.0 
23.0 24.0 1.0 0.0 0.0 
6.0 9.0 12.0 7.0 0.0 
0.0 3.0 2.0 16.0 8.0 
6.0 0.0 4.0 15.0 2.0 
2.0 23.0 0.0 2.0 13.0 
16.0 16.0 1.0 0.0 22.0 
1.0 23.0 15.0 21.0 0.0 
0.0 17.0 6.0 22.0 16.0 
10.0 0.0 14.0 22.0 18.0 
4.0 9.0 0.0 20.0 14.0 
4.0 9.0 2.0 0.0 17.0 
4.0 2.0 13.0 5.0 0.0 
0.0 2.0 17.0 7.0 2.0 
20.0 0.0 0.0 18.0 13.0 
23.0 10.0 0.0 12.0 13.0 
11.0 11.0 22.0 0.0 12.0 
17.0 13.0 18.0 6.0 0.0 
0.0 10.0 22.0 24.0 12.0 
1.0 0.0 17.0 9.0 18.0 
18.0 18.0 0.0 15.0 16.0 
10.0 4.0 21.0 0.0 19.0 
18.0 19.0 12.0 0.0 0.0 
0.0 16.0 1.0 0.0 13.0 
1.0 0.0 10.0 16.0 9.0 
19.0 17.0 0.0 20.0 15.0 
7.0 15.0 17.0 0.0 9.0 
21.0 11.0 5.0 10.0 0.0 
