0.0 6.0 1.0 7.0 7.0 
14.0 0.0 24.0 18.0 14.0 
2.0 6.0 0.0 18.0 1.0 
10.0 9.0 11.0 0.0 23.0 
12.0 6.0 11.0 10.0 0.0 
0.0 24.0 2.0 13.0 10.0 
7.0 0.0 10.0 21.0 10.0 
4.0 11.0 0.0 2.0 20.0 
8.0 3.0 9.0 0.0 2.0 
6.0 16.0 18.0 13.0 0.0 
0.0 23.0 19.0 6.0 20.0 
14.0 0.0 0.0 11.0 23.0 
17.0 19.0 0.0 5.0 11.0 
12.0 6.0 19.0 0.0 2.0 
17.0 7.0 19.0 6.0 0.0 
0.0 20.0 11.0 10.0 16.0 
20.0 0.0 23.0 1.0 19.0 
9.0 18.0 0.0 12.0 10.0 
7.0 24.0 11.0 0.0 22.0 
23.0 20.0 20.0 1.0 0.0 
0.0 11.0 2.0 23.0 17.0 
2.0 0.0 13.0 13.0 17.0 
8.0 24.0 0.0 0.0 12.0 
0.0 5.0 9.0 0.0 22.0 
13.0 0.0 15.0 19.0 0.0 
0.0 16.0 24.0 15.0 24.0 
18.0 0.0 22.0 13.0 5.0 
3.0 11.0 0.0 10.0 1.0 
8.0 13.0 20.0 0.0 22.0 
13.0 1.0 22.0 22.0 0.0 
0.0 18.0 20.0 6.0 3.0 
22.0 0.0 5.0 7.0 6.0 
17.0 16.0 0.0 4.0 16.0 
20.0 18.0 16.0 0.0 3.0 
6.0 7.0 17.0 12.0 0.0 
0.0 15.0 23.0 23.0 20.0 
2.0 0.0 22.0 16.0 6.0 
17.0 17.0 0.0 18.0 24.0 
14.0 21.0 22.0 0.0 3.0 
4.0 9.0 4.0 24.0 0.0 
0.0 19.0 21.0 22.0 17.0 
18.0 0.0 10.0 6.0 1.0 
8.0 17.0 0.0 15.0 22.0 
22.0 20.0 15.0 0.0 0.0 
1.0 11.0 13.0 5.0 0.0 
0.0 12.0 6.0 14.0 16.0 
12.0 0.0 18.0 16.0 2.0 
3.0 11.0 0.0 8.0 19.0 
15.0 18.0 3.0 0.0 15.0 
9.0 3.0 24.0 8.0 0.0 
0.0 16.0 10.0 5.0 10.0 
17.0 0.0 21.0 4.0 16.0 
16.0 8.0 0.0 6.0 14.0 
12.0 4.0 22.0 0.0 7.0 
21.0 20.0 18.0 6.0 0.0 
0.0 14.0 13.0 1.0 3.0 
12.0 0.0 21.0 8.0 15.0 
1.0 2.0 0.0 10.0 7.0 
5.0 10.0 18.0 0.0 4.0 
17.0 16.0 20.0 12.0 0.0 
