0.0 6.0 24.0 22.0 0.0 
20.0 0.0 11.0 20.0 23.0 
18.0 17.0 0.0 7.0 6.0 
17.0 12.0 22.0 0.0 5.0 
24.0 23.0 20.0 13.0 0.0 
0.0 0.0 2.0 17.0 7.0 
7.0 0.0 0.0 0.0 15.0 
17.0 20.0 0.0 10.0 14.0 
2.0 19.0 21.0 0.0 0.0 
5.0 14.0 7.0 16.0 0.0 
0.0 8.0 18.0 24.0 4.0 
5.0 0.0 13.0 6.0 0.0 
24.0 4.0 0.0 16.0 12.0 
14.0 9.0 23.0 0.0 4.0 
23.0 22.0 16.0 7.0 0.0 
0.0 8.0 7.0 17.0 4.0 
13.0 0.0 21.0 7.0 22.0 
14.0 19.0 0.0 4.0 6.0 
1.0 6.0 18.0 0.0 17.0 
2.0 6.0 13.0 1.0 0.0 
0.0 4.0 10.0 23.0 1.0 
4.0 0.0 16.0 14.0 13.0 
24.0 23.0 0.0 23.0 16.0 
16.0 16.0 15.0 0.0 0.0 
15.0 23.0 4.0 10.0 0.0 
0.0 7.0 23.0 11.0 9.0 
8.0 0.0 6.0 16.0 4.0 
20.0 18.0 0.0 2.0 15.0 
22.0 22.0 10.0 0.0 20.0 
9.0 21.0 1.0 13.0 0.0 
0.0 22.0 23.0 8.0 5.0 
14.0 0.0 20.0 6.0 11.0 
6.0 18.0 0.0 6.0 2.0 
8.0 18.0 22.0 0.0 22.0 
16.0 13.0 19.0 5.0 0.0 
0.0 12.0 0.0 22.0 1.0 
24.0 0.0 24.0 2.0 6.0 
4.0 3.0 0.0 18.0 0.0 
23.0 15.0 21.0 0.0 3.0 
9.0 15.0 23.0 8.0 0.0 
0.0 22.0 16.0 13.0 11.0 
4.0 0.0 19.0 0.0 5.0 
9.0 6.0 0.0 22.0 10.0 
17.0 24.0 9.0 0.0 16.0 
9.0 0.0 12.0 0.0 0.0 
0.0 11.0 0.0 16.0 24.0 
23.0 0.0 2.0 15.0 22.0 
16.0 0.0 0.0 23.0 4.0 
22.0 2.0 3.0 0.0 22.0 
2.0 8.0 23.0 16.0 0.0 
0.0 5.0 16.0 23.0 17.0 
23.0 0.0 5.0 23.0 22.0 
23.0 6.0 0.0 15.0 0.0 
14.0 3.0 10.0 0.0 17.0 
16.0 12.0 24.0 6.0 0.0 
0.0 18.0 3.0 23.0 13.0 
19.0 0.0 20.0 20.0 13.0 
22.0 5.0 0.0 3.0 22.0 
22.0 6.0 2.0 0.0 21.0 
20.0 12.0 11.0 12.0 0.0 
