0.0 14.0 19.0 8.0 22.0 
1.0 0.0 2.0 23.0 12.0 
12.0 5.0 0.0 5.0 8.0 
8.0 22.0 16.0 0.0 12.0 
17.0 5.0 17.0 3.0 0.0 
0.0 1.0 8.0 0.0 6.0 
3.0 0.0 11.0 3.0 12.0 
15.0 0.0 0.0 0.0 7.0 
13.0 2.0 17.0 0.0 17.0 
0.0 22.0 5.0 11.0 0.0 
0.0 6.0 7.0 16.0 5.0 
15.0 0.0 18.0 1.0 0.0 
9.0 24.0 0.0 5.0 5.0 
22.0 17.0 4.0 0.0 2.0 
5.0 16.0 14.0 0.0 0.0 
0.0 24.0 2.0 8.0 9.0 
18.0 0.0 14.0 17.0 4.0 
2.0 6.0 0.0 13.0 13.0 
5.0 15.0 1.0 0.0 0.0 
0.0 24.0 15.0 21.0 0.0 
0.0 17.0 22.0 1.0 24.0 
0.0 0.0 19.0 17.0 10.0 
10.0 4.0 0.0 4.0 18.0 
2.0 6.0 12.0 0.0 0.0 
23.0 2.0 15.0 12.0 0.0 
0.0 22.0 13.0 21.0 4.0 
5.0 0.0 23.0 17.0 22.0 
14.0 6.0 0.0 9.0 20.0 
7.0 13.0 12.0 0.0 16.0 
9.0 23.0 7.0 10.0 0.0 
0.0 2.0 3.0 12.0 7.0 
12.0 0.0 15.0 14.0 6.0 
2.0 24.0 0.0 15.0 10.0 
19.0 11.0 18.0 0.0 12.0 
18.0 9.0 5.0 21.0 0.0 
0.0 10.0 8.0 2.0 8.0 
12.0 0.0 10.0 12.0 23.0 
14.0 22.0 0.0 12.0 2.0 
17.0 6.0 24.0 0.0 15.0 
18.0 3.0 4.0 1.0 0.0 
0.0 17.0 21.0 14.0 22.0 
14.0 0.0 24.0 4.0 9.0 
12.0 4.0 0.0 21.0 7.0 
8.0 5.0 4.0 0.0 20.0 
5.0 11.0 24.0 24.0 0.0 
0.0 2.0 5.0 21.0 2.0 
16.0 0.0 15.0 8.0 1.0 
24.0 20.0 0.0 7.0 0.0 
8.0 23.0 13.0 0.0 24.0 
21.0 24.0 14.0 12.0 0.0 
0.0 3.0 18.0 5.0 15.0 
14.0 0.0 23.0 15.0 22.0 
4.0 18.0 0.0 2.0 4.0 
18.0 20.0 1.0 0.0 15.0 
24.0 9.0 17.0 19.0 0.0 
0.0 2.0 24.0 8.0 19.0 
24.0 0.0 22.0 19.0 10.0 
17.0 4.0 0.0 2.0 10.0 
9.0 0.0 11.0 0.0 9.0 
18.0 22.0 21.0 3.0 0.0 
