0.0 2.0 8.0 5.0 23.0 
1.0 0.0 18.0 18.0 6.0 
0.0 5.0 0.0 9.0 7.0 
24.0 0.0 23.0 0.0 0.0 
12.0 3.0 14.0 5.0 0.0 
0.0 18.0 2.0 15.0 8.0 
21.0 0.0 14.0 14.0 9.0 
15.0 12.0 0.0 14.0 18.0 
16.0 4.0 17.0 0.0 14.0 
24.0 21.0 24.0 10.0 0.0 
0.0 9.0 11.0 9.0 6.0 
12.0 0.0 1.0 15.0 17.0 
7.0 19.0 0.0 5.0 4.0 
16.0 8.0 8.0 0.0 6.0 
5.0 16.0 1.0 18.0 0.0 
0.0 3.0 17.0 18.0 21.0 
9.0 0.0 5.0 23.0 16.0 
12.0 1.0 0.0 16.0 1.0 
15.0 13.0 9.0 0.0 15.0 
13.0 17.0 4.0 24.0 0.0 
0.0 13.0 23.0 1.0 3.0 
16.0 0.0 13.0 9.0 10.0 
22.0 24.0 0.0 0.0 14.0 
17.0 16.0 17.0 0.0 17.0 
4.0 3.0 6.0 20.0 0.0 
0.0 7.0 8.0 6.0 23.0 
0.0 0.0 2.0 7.0 17.0 
24.0 17.0 0.0 2.0 3.0 
1.0 5.0 2.0 0.0 10.0 
10.0 14.0 12.0 15.0 0.0 
0.0 12.0 14.0 12.0 18.0 
11.0 0.0 0.0 1.0 6.0 
15.0 3.0 0.0 9.0 6.0 
2.0 13.0 9.0 0.0 22.0 
16.0 8.0 8.0 13.0 0.0 
0.0 17.0 10.0 10.0 21.0 
8.0 0.0 10.0 9.0 9.0 
20.0 7.0 0.0 13.0 2.0 
17.0 6.0 12.0 0.0 18.0 
1.0 24.0 19.0 13.0 0.0 
0.0 10.0 2.0 10.0 17.0 
15.0 0.0 17.0 1.0 15.0 
18.0 4.0 0.0 24.0 1.0 
24.0 8.0 24.0 0.0 21.0 
7.0 14.0 13.0 23.0 0.0 
0.0 20.0 14.0 14.0 4.0 
18.0 0.0 3.0 14.0 15.0 
17.0 9.0 0.0 1.0 14.0 
8.0 0.0 6.0 0.0 8.0 
5.0 20.0 21.0 22.0 0.0 
0.0 10.0 5.0 22.0 1.0 
23.0 0.0 17.0 3.0 19.0 
6.0 14.0 0.0 4.0 23.0 
22.0 20.0 1.0 0.0 1.0 
6.0 3.0 12.0 5.0 0.0 
0.0 8.0 0.0 6.0 3.0 
8.0 0.0 24.0 4.0 15.0 
22.0 11.0 0.0 2.0 22.0 
22.0 0.0 17.0 0.0 16.0 
4.0 17.0 8.0 5.0 0.0 
