0.0 8.0 23.0 16.0 20.0 
23.0 0.0 13.0 20.0 24.0 
24.0 8.0 0.0 2.0 20.0 
4.0 19.0 10.0 0.0 1.0 
19.0 13.0 18.0 18.0 0.0 
0.0 5.0 19.0 3.0 22.0 
17.0 0.0 0.0 21.0 5.0 
10.0 4.0 0.0 22.0 3.0 
8.0 5.0 2.0 0.0 13.0 
24.0 16.0 0.0 1.0 0.0 
0.0 5.0 24.0 11.0 0.0 
17.0 0.0 4.0 18.0 0.0 
8.0 10.0 0.0 20.0 24.0 
17.0 0.0 1.0 0.0 24.0 
21.0 12.0 5.0 8.0 0.0 
0.0 15.0 14.0 9.0 8.0 
14.0 0.0 6.0 19.0 17.0 
15.0 6.0 0.0 3.0 15.0 
24.0 3.0 13.0 0.0 9.0 
7.0 24.0 10.0 16.0 0.0 
0.0 7.0 10.0 18.0 2.0 
23.0 0.0 9.0 14.0 17.0 
22.0 13.0 0.0 19.0 16.0 
6.0 11.0 16.0 0.0 6.0 
11.0 14.0 14.0 7.0 0.0 
0.0 10.0 13.0 12.0 19.0 
19.0 0.0 20.0 5.0 15.0 
16.0 22.0 0.0 6.0 4.0 
7.0 24.0 24.0 0.0 11.0 
5.0 22.0 17.0 13.0 0.0 
0.0 9.0 8.0 11.0 22.0 
18.0 0.0 24.0 1.0 7.0 
4.0 23.0 0.0 4.0 11.0 
2.0 6.0 21.0 0.0 8.0 
6.0 7.0 22.0 16.0 0.0 
0.0 13.0 6.0 13.0 11.0 
2.0 0.0 17.0 11.0 13.0 
19.0 23.0 0.0 10.0 15.0 
20.0 16.0 11.0 0.0 21.0 
6.0 17.0 0.0 12.0 0.0 
0.0 10.0 20.0 18.0 12.0 
4.0 0.0 4.0 10.0 16.0 
12.0 1.0 0.0 7.0 10.0 
18.0 4.0 14.0 0.0 18.0 
21.0 5.0 7.0 19.0 0.0 
0.0 3.0 21.0 16.0 3.0 
23.0 0.0 5.0 12.0 9.0 
20.0 19.0 0.0 18.0 17.0 
0.0 9.0 9.0 0.0 10.0 
12.0 6.0 8.0 1.0 0.0 
0.0 23.0 7.0 21.0 14.0 
3.0 0.0 0.0 0.0 23.0 
12.0 2.0 0.0 14.0 11.0 
5.0 20.0 4.0 0.0 11.0 
4.0 13.0 11.0 19.0 0.0 
0.0 9.0 20.0 15.0 15.0 
23.0 0.0 3.0 19.0 24.0 
23.0 11.0 0.0 16.0 2.0 
0.0 17.0 23.0 0.0 10.0 
11.0 14.0 20.0 7.0 0.0 
