0.0 6.0 12.0 19.0 14.0 
2.0 0.0 0.0 6.0 18.0 
14.0 0.0 0.0 22.0 4.0 
8.0 21.0 2.0 0.0 4.0 
11.0 2.0 5.0 18.0 0.0 
0.0 23.0 11.0 10.0 12.0 
24.0 0.0 1.0 23.0 1.0 
14.0 1.0 0.0 12.0 15.0 
22.0 22.0 19.0 0.0 11.0 
5.0 14.0 4.0 18.0 0.0 
0.0 14.0 11.0 8.0 6.0 
17.0 0.0 19.0 19.0 2.0 
17.0 10.0 0.0 9.0 10.0 
12.0 14.0 23.0 0.0 13.0 
4.0 22.0 2.0 6.0 0.0 
0.0 7.0 22.0 2.0 17.0 
23.0 0.0 5.0 14.0 16.0 
10.0 18.0 0.0 16.0 1.0 
3.0 11.0 5.0 0.0 18.0 
7.0 1.0 12.0 0.0 0.0 
0.0 11.0 19.0 8.0 18.0 
1.0 0.0 20.0 12.0 24.0 
18.0 4.0 0.0 5.0 16.0 
22.0 11.0 12.0 0.0 8.0 
11.0 11.0 20.0 23.0 0.0 
0.0 8.0 9.0 6.0 14.0 
21.0 0.0 8.0 0.0 1.0 
9.0 8.0 0.0 8.0 13.0 
17.0 24.0 17.0 0.0 1.0 
10.0 17.0 6.0 11.0 0.0 
0.0 13.0 12.0 8.0 17.0 
20.0 0.0 6.0 8.0 21.0 
8.0 15.0 0.0 1.0 14.0 
20.0 14.0 8.0 0.0 16.0 
17.0 10.0 23.0 14.0 0.0 
0.0 16.0 4.0 8.0 9.0 
11.0 0.0 4.0 17.0 14.0 
10.0 16.0 0.0 5.0 8.0 
17.0 12.0 19.0 0.0 12.0 
10.0 24.0 19.0 9.0 0.0 
0.0 21.0 4.0 11.0 4.0 
15.0 0.0 7.0 18.0 5.0 
24.0 15.0 0.0 5.0 4.0 
5.0 21.0 20.0 0.0 0.0 
3.0 21.0 10.0 16.0 0.0 
0.0 13.0 24.0 18.0 11.0 
17.0 0.0 16.0 8.0 21.0 
5.0 22.0 0.0 21.0 4.0 
17.0 17.0 19.0 0.0 1.0 
24.0 14.0 11.0 5.0 0.0 
0.0 18.0 5.0 17.0 3.0 
2.0 0.0 4.0 20.0 22.0 
24.0 6.0 0.0 18.0 7.0 
13.0 14.0 12.0 0.0 2.0 
0.0 22.0 14.0 5.0 0.0 
0.0 13.0 10.0 24.0 20.0 
6.0 0.0 4.0 17.0 16.0 
20.0 0.0 0.0 16.0 1.0 
12.0 9.0 16.0 0.0 19.0 
24.0 3.0 13.0 16.0 0.0 
