0.0 3.0 12.0 5.0 11.0 
17.0 0.0 2.0 16.0 2.0 
3.0 12.0 0.0 17.0 21.0 
1.0 21.0 16.0 0.0 18.0 
13.0 14.0 4.0 16.0 0.0 
0.0 16.0 22.0 14.0 11.0 
2.0 0.0 12.0 7.0 17.0 
4.0 20.0 0.0 13.0 11.0 
18.0 21.0 9.0 0.0 16.0 
21.0 22.0 20.0 21.0 0.0 
0.0 12.0 11.0 23.0 20.0 
14.0 0.0 21.0 8.0 1.0 
21.0 2.0 0.0 21.0 3.0 
4.0 17.0 9.0 0.0 23.0 
7.0 20.0 9.0 10.0 0.0 
0.0 24.0 21.0 5.0 0.0 
14.0 0.0 11.0 0.0 17.0 
8.0 0.0 0.0 15.0 3.0 
7.0 1.0 24.0 0.0 3.0 
1.0 21.0 19.0 1.0 0.0 
0.0 12.0 10.0 7.0 20.0 
14.0 0.0 11.0 13.0 16.0 
23.0 13.0 0.0 0.0 23.0 
4.0 15.0 17.0 0.0 13.0 
7.0 21.0 21.0 23.0 0.0 
0.0 9.0 1.0 13.0 8.0 
2.0 0.0 0.0 3.0 14.0 
15.0 6.0 0.0 6.0 6.0 
18.0 6.0 12.0 0.0 14.0 
10.0 24.0 3.0 9.0 0.0 
0.0 17.0 5.0 10.0 3.0 
11.0 0.0 18.0 6.0 15.0 
7.0 17.0 0.0 6.0 2.0 
7.0 11.0 8.0 0.0 0.0 
20.0 9.0 5.0 9.0 0.0 
0.0 1.0 15.0 20.0 12.0 
7.0 0.0 24.0 9.0 10.0 
8.0 17.0 0.0 10.0 2.0 
23.0 16.0 21.0 0.0 14.0 
9.0 24.0 6.0 24.0 0.0 
0.0 5.0 11.0 20.0 9.0 
14.0 0.0 19.0 22.0 22.0 
20.0 0.0 0.0 22.0 15.0 
16.0 6.0 21.0 0.0 16.0 
22.0 9.0 5.0 6.0 0.0 
0.0 7.0 19.0 24.0 7.0 
16.0 0.0 5.0 7.0 11.0 
20.0 7.0 0.0 18.0 24.0 
13.0 16.0 17.0 0.0 17.0 
23.0 23.0 8.0 13.0 0.0 
0.0 24.0 10.0 9.0 6.0 
24.0 0.0 1.0 2.0 18.0 
21.0 17.0 0.0 9.0 18.0 
2.0 4.0 9.0 0.0 5.0 
4.0 17.0 15.0 22.0 0.0 
0.0 18.0 12.0 20.0 12.0 
24.0 0.0 14.0 0.0 8.0 
24.0 11.0 0.0 15.0 20.0 
24.0 10.0 24.0 0.0 13.0 
15.0 8.0 2.0 1.0 0.0 
