0.0 10.0 20.0 23.0 2.0 
7.0 0.0 11.0 18.0 3.0 
0.0 6.0 0.0 3.0 17.0 
19.0 17.0 13.0 0.0 1.0 
6.0 16.0 5.0 22.0 0.0 
0.0 18.0 10.0 7.0 1.0 
14.0 0.0 20.0 22.0 18.0 
11.0 10.0 0.0 12.0 15.0 
5.0 8.0 9.0 0.0 9.0 
11.0 24.0 15.0 15.0 0.0 
0.0 11.0 19.0 10.0 1.0 
16.0 0.0 19.0 1.0 16.0 
8.0 19.0 0.0 8.0 20.0 
12.0 20.0 2.0 0.0 23.0 
23.0 24.0 21.0 2.0 0.0 
0.0 15.0 18.0 23.0 2.0 
21.0 0.0 6.0 23.0 7.0 
1.0 1.0 0.0 6.0 22.0 
10.0 6.0 18.0 0.0 9.0 
8.0 11.0 2.0 14.0 0.0 
0.0 20.0 19.0 17.0 11.0 
10.0 0.0 24.0 14.0 22.0 
8.0 13.0 0.0 5.0 23.0 
10.0 7.0 20.0 0.0 5.0 
11.0 2.0 24.0 24.0 0.0 
0.0 6.0 20.0 2.0 15.0 
17.0 0.0 23.0 24.0 13.0 
18.0 11.0 0.0 5.0 14.0 
20.0 16.0 12.0 0.0 4.0 
3.0 9.0 6.0 12.0 0.0 
0.0 9.0 14.0 0.0 1.0 
8.0 0.0 9.0 3.0 11.0 
2.0 24.0 0.0 23.0 20.0 
19.0 11.0 3.0 0.0 20.0 
4.0 21.0 23.0 12.0 0.0 
0.0 4.0 1.0 15.0 0.0 
21.0 0.0 17.0 1.0 7.0 
18.0 23.0 0.0 21.0 6.0 
16.0 22.0 15.0 0.0 13.0 
11.0 1.0 1.0 13.0 0.0 
0.0 6.0 11.0 14.0 13.0 
8.0 0.0 6.0 4.0 18.0 
1.0 21.0 0.0 14.0 22.0 
0.0 23.0 24.0 0.0 16.0 
8.0 12.0 14.0 6.0 0.0 
0.0 16.0 8.0 19.0 10.0 
15.0 0.0 19.0 5.0 1.0 
11.0 18.0 0.0 8.0 6.0 
13.0 18.0 12.0 0.0 12.0 
22.0 22.0 8.0 17.0 0.0 
0.0 12.0 24.0 1.0 10.0 
16.0 0.0 16.0 18.0 21.0 
2.0 4.0 0.0 24.0 13.0 
11.0 2.0 2.0 0.0 22.0 
6.0 21.0 16.0 7.0 0.0 
0.0 4.0 5.0 14.0 11.0 
19.0 0.0 17.0 16.0 20.0 
14.0 0.0 0.0 18.0 7.0 
21.0 7.0 4.0 0.0 6.0 
8.0 2.0 7.0 4.0 0.0 
