0.0 21.0 1.0 19.0 8.0 
2.0 0.0 22.0 9.0 5.0 
11.0 3.0 0.0 16.0 1.0 
24.0 2.0 13.0 0.0 23.0 
11.0 19.0 1.0 11.0 0.0 
0.0 19.0 15.0 3.0 19.0 
1.0 0.0 21.0 13.0 3.0 
17.0 9.0 0.0 12.0 21.0 
20.0 22.0 4.0 0.0 3.0 
24.0 19.0 2.0 18.0 0.0 
0.0 15.0 20.0 8.0 11.0 
5.0 0.0 1.0 23.0 17.0 
7.0 5.0 0.0 9.0 8.0 
3.0 20.0 20.0 0.0 13.0 
6.0 4.0 12.0 7.0 0.0 
0.0 4.0 14.0 19.0 4.0 
2.0 0.0 14.0 12.0 10.0 
10.0 16.0 0.0 20.0 14.0 
16.0 19.0 2.0 0.0 18.0 
0.0 14.0 14.0 9.0 0.0 
0.0 4.0 23.0 19.0 15.0 
21.0 0.0 5.0 15.0 9.0 
3.0 0.0 0.0 24.0 18.0 
6.0 23.0 13.0 0.0 22.0 
5.0 18.0 19.0 5.0 0.0 
0.0 14.0 23.0 2.0 3.0 
9.0 0.0 14.0 20.0 8.0 
16.0 21.0 0.0 5.0 6.0 
3.0 24.0 7.0 0.0 15.0 
10.0 15.0 5.0 16.0 0.0 
0.0 2.0 0.0 7.0 16.0 
10.0 0.0 13.0 10.0 12.0 
22.0 7.0 0.0 24.0 1.0 
11.0 9.0 14.0 0.0 7.0 
23.0 20.0 16.0 10.0 0.0 
0.0 9.0 17.0 2.0 5.0 
14.0 0.0 20.0 2.0 2.0 
15.0 6.0 0.0 16.0 2.0 
11.0 8.0 16.0 0.0 13.0 
24.0 22.0 23.0 0.0 0.0 
0.0 11.0 11.0 16.0 17.0 
16.0 0.0 3.0 13.0 7.0 
24.0 19.0 0.0 15.0 16.0 
22.0 2.0 24.0 0.0 5.0 
5.0 17.0 1.0 7.0 0.0 
0.0 8.0 5.0 23.0 9.0 
5.0 0.0 20.0 7.0 7.0 
17.0 8.0 0.0 14.0 11.0 
24.0 14.0 6.0 0.0 15.0 
4.0 10.0 14.0 8.0 0.0 
0.0 20.0 5.0 24.0 4.0 
7.0 0.0 1.0 18.0 24.0 
19.0 24.0 0.0 11.0 21.0 
22.0 9.0 11.0 0.0 7.0 
1.0 6.0 19.0 16.0 0.0 
0.0 0.0 0.0 14.0 0.0 
21.0 0.0 15.0 5.0 23.0 
23.0 1.0 0.0 15.0 21.0 
18.0 24.0 2.0 0.0 2.0 
8.0 0.0 20.0 4.0 0.0 
