0.0 13.0 24.0 2.0 1.0 
12.0 0.0 15.0 20.0 5.0 
9.0 18.0 0.0 12.0 8.0 
12.0 13.0 2.0 0.0 0.0 
10.0 15.0 0.0 13.0 0.0 
0.0 10.0 20.0 0.0 1.0 
2.0 0.0 4.0 20.0 15.0 
13.0 6.0 0.0 18.0 5.0 
24.0 6.0 14.0 0.0 13.0 
0.0 6.0 15.0 23.0 0.0 
0.0 11.0 23.0 23.0 3.0 
19.0 0.0 21.0 7.0 13.0 
15.0 16.0 0.0 13.0 21.0 
24.0 3.0 6.0 0.0 14.0 
2.0 22.0 10.0 16.0 0.0 
0.0 19.0 1.0 7.0 12.0 
21.0 0.0 17.0 23.0 7.0 
2.0 20.0 0.0 23.0 8.0 
0.0 11.0 17.0 0.0 10.0 
17.0 23.0 15.0 15.0 0.0 
0.0 20.0 7.0 5.0 21.0 
9.0 0.0 4.0 1.0 8.0 
6.0 3.0 0.0 9.0 8.0 
20.0 2.0 4.0 0.0 11.0 
20.0 17.0 13.0 24.0 0.0 
0.0 1.0 7.0 18.0 4.0 
19.0 0.0 2.0 12.0 11.0 
3.0 21.0 0.0 11.0 5.0 
2.0 10.0 21.0 0.0 20.0 
9.0 7.0 1.0 15.0 0.0 
0.0 6.0 8.0 21.0 4.0 
24.0 0.0 13.0 9.0 21.0 
10.0 3.0 0.0 15.0 8.0 
14.0 5.0 21.0 0.0 15.0 
16.0 7.0 20.0 7.0 0.0 
0.0 16.0 13.0 21.0 1.0 
19.0 0.0 1.0 6.0 5.0 
14.0 5.0 0.0 3.0 23.0 
9.0 19.0 22.0 0.0 0.0 
7.0 7.0 17.0 9.0 0.0 
0.0 22.0 17.0 7.0 16.0 
9.0 0.0 11.0 20.0 18.0 
13.0 20.0 0.0 21.0 7.0 
16.0 11.0 6.0 0.0 20.0 
1.0 19.0 15.0 10.0 0.0 
0.0 12.0 10.0 9.0 5.0 
14.0 0.0 19.0 23.0 11.0 
14.0 5.0 0.0 18.0 12.0 
14.0 3.0 12.0 0.0 12.0 
18.0 17.0 14.0 23.0 0.0 
0.0 18.0 10.0 5.0 10.0 
15.0 0.0 0.0 24.0 9.0 
10.0 15.0 0.0 12.0 0.0 
10.0 23.0 6.0 0.0 12.0 
2.0 4.0 19.0 18.0 0.0 
0.0 3.0 23.0 5.0 10.0 
6.0 0.0 17.0 12.0 10.0 
2.0 10.0 0.0 4.0 1.0 
14.0 2.0 5.0 0.0 0.0 
11.0 21.0 7.0 15.0 0.0 
