0.0 21.0 14.0 20.0 4.0 
2.0 0.0 6.0 18.0 0.0 
23.0 11.0 0.0 15.0 15.0 
23.0 12.0 1.0 0.0 19.0 
11.0 24.0 10.0 16.0 0.0 
0.0 11.0 24.0 3.0 2.0 
4.0 0.0 9.0 10.0 8.0 
1.0 0.0 0.0 6.0 22.0 
10.0 8.0 5.0 0.0 15.0 
16.0 6.0 7.0 12.0 0.0 
0.0 17.0 19.0 4.0 16.0 
24.0 0.0 16.0 2.0 24.0 
22.0 11.0 0.0 13.0 9.0 
3.0 8.0 15.0 0.0 16.0 
14.0 22.0 2.0 2.0 0.0 
0.0 19.0 10.0 0.0 18.0 
3.0 0.0 23.0 17.0 5.0 
20.0 19.0 0.0 0.0 10.0 
2.0 9.0 24.0 0.0 0.0 
1.0 16.0 14.0 20.0 0.0 
0.0 11.0 24.0 21.0 8.0 
6.0 0.0 14.0 13.0 23.0 
1.0 1.0 0.0 24.0 5.0 
7.0 17.0 3.0 0.0 21.0 
24.0 23.0 18.0 16.0 0.0 
0.0 22.0 17.0 18.0 2.0 
2.0 0.0 24.0 21.0 10.0 
18.0 0.0 0.0 7.0 22.0 
22.0 17.0 12.0 0.0 2.0 
9.0 15.0 12.0 10.0 0.0 
0.0 22.0 10.0 8.0 6.0 
0.0 0.0 5.0 1.0 10.0 
5.0 24.0 0.0 1.0 9.0 
23.0 12.0 6.0 0.0 19.0 
17.0 5.0 13.0 18.0 0.0 
0.0 8.0 22.0 24.0 16.0 
16.0 0.0 16.0 19.0 14.0 
11.0 3.0 0.0 18.0 15.0 
1.0 16.0 8.0 0.0 14.0 
21.0 22.0 12.0 5.0 0.0 
0.0 4.0 5.0 1.0 15.0 
1.0 0.0 14.0 20.0 5.0 
19.0 7.0 0.0 22.0 13.0 
16.0 16.0 22.0 0.0 7.0 
16.0 23.0 14.0 9.0 0.0 
0.0 7.0 13.0 17.0 19.0 
7.0 0.0 11.0 6.0 19.0 
14.0 11.0 0.0 9.0 7.0 
7.0 4.0 11.0 0.0 4.0 
15.0 1.0 8.0 6.0 0.0 
0.0 5.0 22.0 19.0 10.0 
12.0 0.0 23.0 9.0 13.0 
10.0 2.0 0.0 14.0 15.0 
11.0 5.0 5.0 0.0 6.0 
23.0 10.0 3.0 20.0 0.0 
0.0 17.0 17.0 10.0 16.0 
4.0 0.0 5.0 13.0 10.0 
0.0 20.0 0.0 24.0 8.0 
5.0 10.0 6.0 0.0 8.0 
18.0 20.0 22.0 5.0 0.0 
