0.0 4.0 2.0 18.0 20.0 
13.0 0.0 19.0 20.0 2.0 
19.0 11.0 0.0 12.0 17.0 
21.0 17.0 20.0 0.0 22.0 
11.0 11.0 17.0 7.0 0.0 
0.0 9.0 8.0 1.0 11.0 
17.0 0.0 5.0 19.0 20.0 
2.0 17.0 0.0 15.0 12.0 
13.0 5.0 21.0 0.0 2.0 
23.0 13.0 5.0 14.0 0.0 
0.0 17.0 12.0 8.0 8.0 
4.0 0.0 20.0 22.0 14.0 
10.0 0.0 0.0 13.0 23.0 
4.0 5.0 10.0 0.0 6.0 
8.0 6.0 6.0 11.0 0.0 
0.0 19.0 19.0 4.0 20.0 
15.0 0.0 5.0 1.0 15.0 
12.0 19.0 0.0 8.0 18.0 
1.0 16.0 9.0 0.0 12.0 
4.0 10.0 8.0 19.0 0.0 
0.0 4.0 7.0 14.0 11.0 
16.0 0.0 2.0 3.0 1.0 
9.0 21.0 0.0 0.0 13.0 
23.0 18.0 4.0 0.0 21.0 
7.0 18.0 0.0 19.0 0.0 
0.0 22.0 17.0 19.0 17.0 
9.0 0.0 0.0 1.0 4.0 
19.0 2.0 0.0 21.0 6.0 
15.0 5.0 4.0 0.0 16.0 
2.0 14.0 17.0 0.0 0.0 
0.0 24.0 24.0 16.0 7.0 
1.0 0.0 21.0 7.0 18.0 
23.0 7.0 0.0 19.0 19.0 
10.0 5.0 5.0 0.0 21.0 
1.0 4.0 3.0 17.0 0.0 
0.0 19.0 7.0 23.0 15.0 
8.0 0.0 13.0 20.0 1.0 
11.0 15.0 0.0 11.0 19.0 
12.0 14.0 16.0 0.0 11.0 
24.0 15.0 7.0 5.0 0.0 
0.0 23.0 16.0 19.0 10.0 
24.0 0.0 8.0 7.0 3.0 
1.0 12.0 0.0 21.0 2.0 
4.0 1.0 6.0 0.0 8.0 
0.0 10.0 12.0 22.0 0.0 
0.0 20.0 10.0 4.0 22.0 
3.0 0.0 16.0 12.0 11.0 
19.0 16.0 0.0 19.0 2.0 
21.0 20.0 22.0 0.0 8.0 
9.0 15.0 13.0 16.0 0.0 
0.0 14.0 22.0 1.0 14.0 
20.0 0.0 17.0 21.0 23.0 
9.0 7.0 0.0 7.0 7.0 
20.0 20.0 5.0 0.0 19.0 
14.0 20.0 22.0 16.0 0.0 
0.0 12.0 19.0 23.0 16.0 
24.0 0.0 16.0 2.0 22.0 
10.0 17.0 0.0 21.0 23.0 
0.0 6.0 7.0 0.0 9.0 
13.0 22.0 22.0 1.0 0.0 
