0.0 22.0 15.0 13.0 3.0 
7.0 0.0 18.0 12.0 2.0 
11.0 21.0 0.0 23.0 0.0 
14.0 24.0 21.0 0.0 13.0 
10.0 0.0 15.0 8.0 0.0 
0.0 6.0 9.0 15.0 10.0 
19.0 0.0 13.0 17.0 7.0 
7.0 9.0 0.0 22.0 11.0 
13.0 24.0 19.0 0.0 22.0 
12.0 5.0 10.0 13.0 0.0 
0.0 15.0 5.0 17.0 11.0 
0.0 0.0 4.0 11.0 7.0 
21.0 11.0 0.0 10.0 7.0 
16.0 15.0 6.0 0.0 22.0 
24.0 2.0 4.0 7.0 0.0 
0.0 9.0 1.0 19.0 11.0 
6.0 0.0 20.0 13.0 14.0 
19.0 22.0 0.0 15.0 13.0 
7.0 8.0 5.0 0.0 23.0 
3.0 16.0 1.0 22.0 0.0 
0.0 10.0 7.0 11.0 24.0 
10.0 0.0 5.0 4.0 11.0 
5.0 14.0 0.0 4.0 11.0 
11.0 7.0 8.0 0.0 12.0 
17.0 14.0 20.0 7.0 0.0 
0.0 5.0 19.0 23.0 17.0 
24.0 0.0 24.0 23.0 21.0 
13.0 9.0 0.0 19.0 17.0 
3.0 14.0 14.0 0.0 21.0 
16.0 1.0 17.0 4.0 0.0 
0.0 17.0 24.0 1.0 11.0 
20.0 0.0 8.0 24.0 24.0 
16.0 6.0 0.0 1.0 23.0 
8.0 6.0 14.0 0.0 6.0 
0.0 5.0 6.0 17.0 0.0 
0.0 2.0 19.0 12.0 6.0 
8.0 0.0 13.0 6.0 22.0 
18.0 16.0 0.0 7.0 2.0 
22.0 7.0 24.0 0.0 20.0 
12.0 24.0 7.0 2.0 0.0 
0.0 13.0 15.0 5.0 7.0 
20.0 0.0 15.0 12.0 14.0 
24.0 3.0 0.0 0.0 14.0 
18.0 7.0 9.0 0.0 18.0 
9.0 5.0 11.0 1.0 0.0 
0.0 19.0 10.0 23.0 17.0 
19.0 0.0 0.0 13.0 23.0 
20.0 14.0 0.0 20.0 12.0 
4.0 7.0 20.0 0.0 9.0 
0.0 0.0 13.0 24.0 0.0 
0.0 0.0 10.0 7.0 20.0 
8.0 0.0 2.0 23.0 3.0 
17.0 15.0 0.0 20.0 10.0 
6.0 10.0 6.0 0.0 24.0 
17.0 23.0 1.0 21.0 0.0 
0.0 20.0 6.0 0.0 13.0 
13.0 0.0 3.0 3.0 17.0 
23.0 16.0 0.0 2.0 16.0 
20.0 12.0 7.0 0.0 12.0 
16.0 12.0 16.0 19.0 0.0 
