0.0 24.0 19.0 4.0 12.0 
3.0 0.0 2.0 22.0 23.0 
4.0 4.0 0.0 5.0 5.0 
15.0 3.0 13.0 0.0 24.0 
19.0 20.0 16.0 16.0 0.0 
0.0 17.0 8.0 2.0 1.0 
21.0 0.0 17.0 17.0 14.0 
21.0 23.0 0.0 7.0 4.0 
12.0 4.0 6.0 0.0 23.0 
5.0 13.0 7.0 24.0 0.0 
0.0 23.0 24.0 17.0 6.0 
16.0 0.0 22.0 15.0 14.0 
1.0 6.0 0.0 15.0 5.0 
12.0 20.0 5.0 0.0 16.0 
16.0 22.0 24.0 15.0 0.0 
0.0 22.0 4.0 0.0 20.0 
22.0 0.0 17.0 18.0 9.0 
19.0 18.0 0.0 18.0 19.0 
15.0 22.0 7.0 0.0 11.0 
7.0 3.0 22.0 19.0 0.0 
0.0 14.0 19.0 16.0 22.0 
17.0 0.0 24.0 24.0 1.0 
13.0 3.0 0.0 19.0 17.0 
17.0 18.0 19.0 0.0 4.0 
22.0 2.0 0.0 3.0 0.0 
0.0 0.0 10.0 18.0 8.0 
11.0 0.0 11.0 11.0 16.0 
7.0 22.0 0.0 18.0 11.0 
15.0 19.0 23.0 0.0 22.0 
3.0 24.0 6.0 3.0 0.0 
0.0 13.0 7.0 4.0 8.0 
6.0 0.0 20.0 9.0 5.0 
9.0 10.0 0.0 12.0 3.0 
21.0 24.0 11.0 0.0 13.0 
16.0 9.0 21.0 24.0 0.0 
0.0 3.0 18.0 14.0 11.0 
23.0 0.0 10.0 24.0 21.0 
2.0 11.0 0.0 21.0 2.0 
16.0 24.0 15.0 0.0 14.0 
0.0 23.0 8.0 17.0 0.0 
0.0 18.0 0.0 21.0 19.0 
22.0 0.0 4.0 9.0 13.0 
2.0 0.0 0.0 19.0 18.0 
22.0 20.0 20.0 0.0 21.0 
14.0 22.0 10.0 0.0 0.0 
0.0 24.0 24.0 14.0 21.0 
19.0 0.0 3.0 23.0 18.0 
23.0 14.0 0.0 19.0 18.0 
6.0 17.0 5.0 0.0 11.0 
11.0 17.0 11.0 5.0 0.0 
0.0 2.0 4.0 11.0 6.0 
0.0 0.0 10.0 5.0 22.0 
11.0 4.0 0.0 24.0 24.0 
7.0 1.0 9.0 0.0 18.0 
3.0 15.0 14.0 22.0 0.0 
0.0 11.0 7.0 12.0 15.0 
7.0 0.0 10.0 15.0 16.0 
2.0 22.0 0.0 9.0 8.0 
18.0 0.0 12.0 0.0 18.0 
21.0 12.0 20.0 23.0 0.0 
