0.0 6.0 5.0 20.0 7.0 
5.0 0.0 0.0 24.0 16.0 
15.0 11.0 0.0 0.0 8.0 
22.0 20.0 11.0 0.0 21.0 
17.0 17.0 7.0 13.0 0.0 
0.0 18.0 13.0 8.0 8.0 
14.0 0.0 20.0 1.0 4.0 
21.0 3.0 0.0 5.0 16.0 
8.0 22.0 17.0 0.0 13.0 
19.0 21.0 21.0 16.0 0.0 
0.0 4.0 21.0 3.0 15.0 
4.0 0.0 22.0 7.0 20.0 
22.0 13.0 0.0 22.0 21.0 
2.0 16.0 9.0 0.0 13.0 
1.0 1.0 0.0 17.0 0.0 
0.0 23.0 8.0 7.0 5.0 
9.0 0.0 22.0 14.0 14.0 
24.0 9.0 0.0 8.0 10.0 
21.0 19.0 14.0 0.0 2.0 
2.0 18.0 24.0 5.0 0.0 
0.0 17.0 20.0 19.0 21.0 
10.0 0.0 6.0 11.0 7.0 
15.0 15.0 0.0 2.0 21.0 
11.0 7.0 21.0 0.0 21.0 
3.0 18.0 17.0 10.0 0.0 
0.0 14.0 10.0 3.0 2.0 
6.0 0.0 24.0 16.0 18.0 
16.0 11.0 0.0 11.0 9.0 
0.0 12.0 13.0 0.0 18.0 
6.0 9.0 10.0 24.0 0.0 
0.0 9.0 10.0 19.0 19.0 
16.0 0.0 4.0 13.0 5.0 
23.0 15.0 0.0 21.0 4.0 
14.0 12.0 7.0 0.0 6.0 
3.0 13.0 8.0 10.0 0.0 
0.0 6.0 9.0 5.0 15.0 
16.0 0.0 22.0 6.0 22.0 
15.0 5.0 0.0 24.0 18.0 
6.0 2.0 8.0 0.0 4.0 
16.0 8.0 23.0 6.0 0.0 
0.0 19.0 21.0 11.0 2.0 
3.0 0.0 9.0 0.0 21.0 
7.0 7.0 0.0 16.0 6.0 
16.0 3.0 13.0 0.0 5.0 
11.0 3.0 21.0 4.0 0.0 
0.0 7.0 21.0 12.0 7.0 
5.0 0.0 18.0 4.0 6.0 
14.0 14.0 0.0 0.0 23.0 
20.0 18.0 7.0 0.0 2.0 
13.0 9.0 19.0 22.0 0.0 
0.0 6.0 8.0 11.0 12.0 
9.0 0.0 1.0 10.0 19.0 
7.0 10.0 0.0 23.0 16.0 
5.0 11.0 7.0 0.0 10.0 
24.0 15.0 20.0 24.0 0.0 
0.0 21.0 16.0 0.0 15.0 
24.0 0.0 9.0 11.0 15.0 
7.0 5.0 0.0 21.0 9.0 
3.0 3.0 4.0 0.0 14.0 
4.0 1.0 18.0 4.0 0.0 
