0.0 3.0 16.0 21.0 6.0 
12.0 0.0 10.0 14.0 14.0 
7.0 14.0 0.0 10.0 16.0 
13.0 13.0 5.0 0.0 24.0 
11.0 12.0 24.0 4.0 0.0 
0.0 16.0 12.0 0.0 9.0 
16.0 0.0 16.0 4.0 3.0 
23.0 18.0 0.0 17.0 16.0 
7.0 16.0 6.0 0.0 15.0 
0.0 14.0 24.0 18.0 0.0 
0.0 19.0 22.0 8.0 4.0 
0.0 0.0 10.0 1.0 21.0 
16.0 8.0 0.0 16.0 21.0 
2.0 15.0 7.0 0.0 21.0 
9.0 21.0 3.0 0.0 0.0 
0.0 5.0 12.0 4.0 12.0 
13.0 0.0 20.0 20.0 0.0 
13.0 0.0 0.0 13.0 18.0 
23.0 16.0 23.0 0.0 14.0 
8.0 6.0 4.0 2.0 0.0 
0.0 17.0 23.0 2.0 15.0 
1.0 0.0 11.0 14.0 8.0 
20.0 10.0 0.0 15.0 22.0 
0.0 16.0 6.0 0.0 0.0 
13.0 23.0 17.0 2.0 0.0 
0.0 1.0 13.0 13.0 9.0 
14.0 0.0 5.0 0.0 13.0 
9.0 8.0 0.0 5.0 24.0 
8.0 18.0 10.0 0.0 3.0 
17.0 21.0 1.0 5.0 0.0 
0.0 9.0 10.0 16.0 17.0 
2.0 0.0 23.0 24.0 18.0 
3.0 23.0 0.0 18.0 24.0 
21.0 13.0 17.0 0.0 10.0 
14.0 14.0 8.0 19.0 0.0 
0.0 1.0 10.0 13.0 18.0 
5.0 0.0 12.0 6.0 0.0 
6.0 2.0 0.0 20.0 9.0 
20.0 21.0 3.0 0.0 15.0 
17.0 11.0 6.0 22.0 0.0 
0.0 10.0 15.0 18.0 5.0 
7.0 0.0 11.0 4.0 10.0 
22.0 8.0 0.0 5.0 22.0 
1.0 16.0 17.0 0.0 16.0 
3.0 24.0 6.0 6.0 0.0 
0.0 18.0 21.0 16.0 17.0 
18.0 0.0 1.0 23.0 3.0 
16.0 7.0 0.0 16.0 22.0 
6.0 2.0 16.0 0.0 11.0 
19.0 18.0 19.0 8.0 0.0 
0.0 23.0 3.0 19.0 18.0 
21.0 0.0 0.0 13.0 11.0 
5.0 22.0 0.0 10.0 5.0 
13.0 8.0 14.0 0.0 19.0 
24.0 4.0 18.0 13.0 0.0 
0.0 15.0 12.0 15.0 1.0 
16.0 0.0 15.0 1.0 18.0 
14.0 23.0 0.0 17.0 1.0 
11.0 13.0 18.0 0.0 2.0 
12.0 2.0 7.0 12.0 0.0 
