0.0 11.0 8.0 7.0 1.0 
6.0 0.0 3.0 1.0 14.0 
9.0 19.0 0.0 9.0 8.0 
0.0 6.0 12.0 0.0 24.0 
15.0 6.0 4.0 19.0 0.0 
0.0 14.0 16.0 3.0 2.0 
18.0 0.0 15.0 23.0 11.0 
13.0 10.0 0.0 12.0 11.0 
22.0 10.0 16.0 0.0 8.0 
14.0 14.0 23.0 12.0 0.0 
0.0 10.0 1.0 21.0 6.0 
4.0 0.0 15.0 10.0 11.0 
12.0 17.0 0.0 9.0 3.0 
23.0 15.0 22.0 0.0 9.0 
19.0 22.0 3.0 23.0 0.0 
0.0 10.0 24.0 7.0 7.0 
1.0 0.0 7.0 2.0 11.0 
11.0 19.0 0.0 5.0 4.0 
22.0 14.0 1.0 0.0 0.0 
4.0 12.0 17.0 9.0 0.0 
0.0 18.0 16.0 22.0 3.0 
19.0 0.0 10.0 22.0 5.0 
14.0 18.0 0.0 21.0 22.0 
18.0 7.0 4.0 0.0 1.0 
3.0 15.0 4.0 5.0 0.0 
0.0 2.0 17.0 19.0 10.0 
16.0 0.0 9.0 5.0 20.0 
12.0 15.0 0.0 11.0 17.0 
2.0 15.0 10.0 0.0 6.0 
18.0 19.0 12.0 8.0 0.0 
0.0 15.0 10.0 10.0 3.0 
15.0 0.0 19.0 13.0 1.0 
14.0 15.0 0.0 14.0 17.0 
3.0 23.0 16.0 0.0 11.0 
2.0 14.0 17.0 2.0 0.0 
0.0 15.0 24.0 19.0 2.0 
11.0 0.0 14.0 13.0 3.0 
22.0 13.0 0.0 1.0 18.0 
23.0 8.0 19.0 0.0 17.0 
17.0 5.0 0.0 24.0 0.0 
0.0 9.0 0.0 20.0 10.0 
9.0 0.0 4.0 4.0 1.0 
18.0 21.0 0.0 22.0 14.0 
12.0 6.0 10.0 0.0 3.0 
5.0 22.0 20.0 12.0 0.0 
0.0 22.0 10.0 11.0 8.0 
14.0 0.0 23.0 24.0 13.0 
11.0 8.0 0.0 15.0 5.0 
22.0 21.0 18.0 0.0 13.0 
6.0 0.0 18.0 7.0 0.0 
0.0 4.0 6.0 5.0 7.0 
10.0 0.0 3.0 4.0 0.0 
17.0 4.0 0.0 15.0 0.0 
19.0 10.0 20.0 0.0 19.0 
8.0 15.0 22.0 16.0 0.0 
0.0 18.0 8.0 22.0 12.0 
4.0 0.0 4.0 1.0 19.0 
11.0 2.0 0.0 16.0 24.0 
19.0 17.0 15.0 0.0 16.0 
11.0 22.0 10.0 12.0 0.0 
