0.0 8.0 11.0 15.0 5.0 
4.0 0.0 8.0 21.0 14.0 
8.0 15.0 0.0 2.0 13.0 
16.0 5.0 20.0 0.0 13.0 
3.0 18.0 12.0 17.0 0.0 
0.0 3.0 19.0 15.0 11.0 
10.0 0.0 14.0 2.0 24.0 
2.0 0.0 0.0 2.0 14.0 
13.0 7.0 1.0 0.0 16.0 
17.0 3.0 22.0 20.0 0.0 
0.0 21.0 15.0 18.0 19.0 
19.0 0.0 19.0 8.0 24.0 
15.0 17.0 0.0 3.0 2.0 
2.0 20.0 7.0 0.0 11.0 
15.0 13.0 4.0 22.0 0.0 
0.0 0.0 21.0 8.0 12.0 
2.0 0.0 9.0 8.0 11.0 
17.0 11.0 0.0 2.0 20.0 
20.0 14.0 6.0 0.0 12.0 
15.0 15.0 0.0 23.0 0.0 
0.0 2.0 10.0 12.0 4.0 
4.0 0.0 16.0 15.0 21.0 
6.0 1.0 0.0 17.0 16.0 
19.0 10.0 16.0 0.0 11.0 
24.0 0.0 9.0 17.0 0.0 
0.0 17.0 11.0 20.0 13.0 
19.0 0.0 19.0 16.0 14.0 
21.0 11.0 0.0 5.0 18.0 
24.0 16.0 16.0 0.0 8.0 
8.0 10.0 7.0 14.0 0.0 
0.0 7.0 9.0 13.0 13.0 
6.0 0.0 18.0 21.0 2.0 
2.0 16.0 0.0 14.0 22.0 
14.0 3.0 6.0 0.0 23.0 
18.0 10.0 8.0 22.0 0.0 
0.0 6.0 6.0 8.0 10.0 
22.0 0.0 19.0 4.0 15.0 
6.0 17.0 0.0 3.0 7.0 
1.0 11.0 9.0 0.0 14.0 
8.0 15.0 9.0 4.0 0.0 
0.0 1.0 11.0 23.0 10.0 
14.0 0.0 7.0 17.0 14.0 
16.0 0.0 0.0 9.0 23.0 
21.0 14.0 7.0 0.0 18.0 
2.0 13.0 17.0 19.0 0.0 
0.0 20.0 5.0 14.0 1.0 
20.0 0.0 20.0 14.0 14.0 
17.0 11.0 0.0 13.0 19.0 
13.0 13.0 20.0 0.0 17.0 
2.0 9.0 13.0 13.0 0.0 
0.0 19.0 9.0 11.0 7.0 
2.0 0.0 1.0 17.0 15.0 
20.0 1.0 0.0 1.0 12.0 
20.0 3.0 20.0 0.0 5.0 
3.0 17.0 15.0 6.0 0.0 
0.0 8.0 8.0 9.0 17.0 
8.0 0.0 23.0 9.0 12.0 
5.0 14.0 0.0 6.0 8.0 
17.0 23.0 9.0 0.0 8.0 
1.0 16.0 5.0 1.0 0.0 
