0.0 11.0 23.0 18.0 16.0 
1.0 0.0 24.0 23.0 5.0 
18.0 21.0 0.0 17.0 21.0 
16.0 2.0 12.0 0.0 9.0 
21.0 1.0 17.0 12.0 0.0 
0.0 15.0 19.0 9.0 20.0 
5.0 0.0 12.0 7.0 3.0 
2.0 10.0 0.0 13.0 9.0 
8.0 11.0 8.0 0.0 2.0 
0.0 12.0 2.0 2.0 0.0 
0.0 15.0 12.0 12.0 15.0 
23.0 0.0 10.0 15.0 12.0 
22.0 2.0 0.0 12.0 23.0 
9.0 20.0 2.0 0.0 16.0 
7.0 6.0 1.0 6.0 0.0 
0.0 3.0 21.0 23.0 16.0 
14.0 0.0 7.0 5.0 20.0 
23.0 9.0 0.0 14.0 2.0 
5.0 19.0 12.0 0.0 2.0 
15.0 20.0 24.0 17.0 0.0 
0.0 1.0 22.0 24.0 15.0 
11.0 0.0 7.0 21.0 10.0 
24.0 21.0 0.0 15.0 16.0 
15.0 14.0 20.0 0.0 22.0 
6.0 11.0 5.0 3.0 0.0 
0.0 18.0 10.0 3.0 21.0 
3.0 0.0 2.0 9.0 5.0 
18.0 15.0 0.0 1.0 21.0 
22.0 3.0 19.0 0.0 6.0 
2.0 2.0 14.0 23.0 0.0 
0.0 13.0 8.0 12.0 18.0 
14.0 0.0 19.0 23.0 3.0 
3.0 6.0 0.0 15.0 4.0 
24.0 1.0 0.0 0.0 12.0 
15.0 2.0 17.0 18.0 0.0 
0.0 2.0 13.0 12.0 16.0 
9.0 0.0 3.0 4.0 14.0 
16.0 11.0 0.0 3.0 12.0 
6.0 22.0 8.0 0.0 9.0 
6.0 11.0 12.0 16.0 0.0 
0.0 0.0 1.0 12.0 16.0 
16.0 0.0 11.0 10.0 13.0 
14.0 16.0 0.0 18.0 11.0 
7.0 5.0 21.0 0.0 23.0 
21.0 18.0 13.0 5.0 0.0 
0.0 18.0 7.0 17.0 18.0 
2.0 0.0 2.0 8.0 7.0 
23.0 6.0 0.0 9.0 17.0 
24.0 5.0 12.0 0.0 23.0 
21.0 9.0 0.0 12.0 0.0 
0.0 9.0 1.0 16.0 12.0 
5.0 0.0 20.0 18.0 22.0 
3.0 20.0 0.0 12.0 6.0 
1.0 23.0 23.0 0.0 12.0 
1.0 12.0 18.0 22.0 0.0 
0.0 19.0 16.0 8.0 18.0 
13.0 0.0 3.0 18.0 8.0 
20.0 0.0 0.0 19.0 19.0 
21.0 14.0 11.0 0.0 14.0 
6.0 18.0 16.0 12.0 0.0 
