0.0 23.0 17.0 8.0 1.0 
3.0 0.0 3.0 6.0 24.0 
21.0 9.0 0.0 15.0 5.0 
14.0 13.0 4.0 0.0 16.0 
19.0 7.0 18.0 8.0 0.0 
0.0 5.0 12.0 2.0 4.0 
0.0 0.0 4.0 11.0 13.0 
16.0 9.0 0.0 17.0 7.0 
16.0 7.0 14.0 0.0 24.0 
1.0 7.0 21.0 4.0 0.0 
0.0 10.0 13.0 2.0 10.0 
22.0 0.0 11.0 24.0 11.0 
21.0 17.0 0.0 15.0 3.0 
23.0 2.0 21.0 0.0 19.0 
22.0 11.0 6.0 20.0 0.0 
0.0 0.0 13.0 21.0 23.0 
18.0 0.0 0.0 7.0 12.0 
18.0 2.0 0.0 1.0 4.0 
23.0 24.0 18.0 0.0 20.0 
20.0 15.0 0.0 7.0 0.0 
0.0 0.0 13.0 23.0 21.0 
11.0 0.0 24.0 12.0 10.0 
24.0 13.0 0.0 8.0 14.0 
11.0 2.0 12.0 0.0 21.0 
10.0 23.0 8.0 0.0 0.0 
0.0 18.0 4.0 11.0 7.0 
19.0 0.0 21.0 16.0 10.0 
11.0 10.0 0.0 12.0 3.0 
21.0 4.0 9.0 0.0 16.0 
4.0 9.0 3.0 18.0 0.0 
0.0 14.0 18.0 5.0 8.0 
8.0 0.0 4.0 15.0 6.0 
23.0 11.0 0.0 14.0 16.0 
1.0 14.0 10.0 0.0 12.0 
21.0 17.0 0.0 24.0 0.0 
0.0 8.0 11.0 19.0 10.0 
14.0 0.0 13.0 15.0 21.0 
9.0 8.0 0.0 4.0 16.0 
13.0 17.0 17.0 0.0 2.0 
14.0 21.0 24.0 15.0 0.0 
0.0 24.0 18.0 0.0 5.0 
18.0 0.0 1.0 19.0 18.0 
23.0 3.0 0.0 21.0 0.0 
22.0 20.0 10.0 0.0 9.0 
5.0 1.0 8.0 0.0 0.0 
0.0 9.0 3.0 2.0 18.0 
15.0 0.0 24.0 24.0 10.0 
24.0 16.0 0.0 8.0 21.0 
12.0 18.0 7.0 0.0 18.0 
24.0 12.0 3.0 2.0 0.0 
0.0 6.0 13.0 21.0 24.0 
1.0 0.0 20.0 1.0 8.0 
9.0 7.0 0.0 1.0 18.0 
23.0 20.0 15.0 0.0 24.0 
15.0 6.0 10.0 18.0 0.0 
0.0 9.0 14.0 15.0 12.0 
16.0 0.0 16.0 10.0 15.0 
2.0 14.0 0.0 1.0 18.0 
10.0 24.0 20.0 0.0 22.0 
14.0 8.0 10.0 2.0 0.0 
