0.0 20.0 16.0 3.0 22.0 
21.0 0.0 13.0 16.0 7.0 
14.0 8.0 0.0 6.0 9.0 
13.0 6.0 11.0 0.0 9.0 
12.0 18.0 19.0 2.0 0.0 
0.0 5.0 18.0 23.0 3.0 
16.0 0.0 2.0 2.0 22.0 
19.0 10.0 0.0 16.0 13.0 
18.0 4.0 19.0 0.0 20.0 
9.0 24.0 1.0 11.0 0.0 
0.0 14.0 1.0 19.0 4.0 
10.0 0.0 17.0 19.0 7.0 
22.0 3.0 0.0 11.0 2.0 
16.0 9.0 13.0 0.0 13.0 
0.0 8.0 15.0 24.0 0.0 
0.0 5.0 17.0 9.0 16.0 
21.0 0.0 23.0 15.0 10.0 
4.0 18.0 0.0 3.0 2.0 
10.0 7.0 15.0 0.0 11.0 
11.0 0.0 16.0 16.0 0.0 
0.0 19.0 16.0 23.0 5.0 
3.0 0.0 24.0 21.0 6.0 
16.0 17.0 0.0 17.0 11.0 
7.0 15.0 2.0 0.0 18.0 
16.0 6.0 13.0 2.0 0.0 
0.0 13.0 9.0 17.0 6.0 
0.0 0.0 3.0 6.0 0.0 
18.0 17.0 0.0 23.0 1.0 
10.0 16.0 4.0 0.0 7.0 
11.0 17.0 14.0 16.0 0.0 
0.0 0.0 9.0 15.0 12.0 
24.0 0.0 2.0 13.0 19.0 
24.0 22.0 0.0 23.0 6.0 
21.0 3.0 10.0 0.0 16.0 
13.0 18.0 11.0 13.0 0.0 
0.0 2.0 24.0 18.0 1.0 
22.0 0.0 9.0 15.0 23.0 
5.0 17.0 0.0 5.0 12.0 
23.0 14.0 7.0 0.0 12.0 
14.0 13.0 1.0 18.0 0.0 
0.0 6.0 12.0 1.0 18.0 
17.0 0.0 17.0 12.0 20.0 
10.0 5.0 0.0 4.0 24.0 
24.0 12.0 0.0 0.0 12.0 
20.0 11.0 20.0 22.0 0.0 
0.0 0.0 2.0 1.0 23.0 
10.0 0.0 10.0 2.0 15.0 
18.0 24.0 0.0 23.0 21.0 
23.0 13.0 22.0 0.0 2.0 
8.0 10.0 1.0 7.0 0.0 
0.0 9.0 4.0 2.0 20.0 
23.0 0.0 17.0 4.0 8.0 
16.0 8.0 0.0 9.0 16.0 
8.0 16.0 3.0 0.0 10.0 
3.0 14.0 19.0 8.0 0.0 
0.0 20.0 5.0 19.0 5.0 
8.0 0.0 2.0 16.0 20.0 
21.0 19.0 0.0 10.0 6.0 
16.0 20.0 4.0 0.0 15.0 
10.0 3.0 18.0 0.0 0.0 
