0.0 9.0 12.0 19.0 2.0 
22.0 0.0 21.0 3.0 10.0 
0.0 21.0 0.0 24.0 13.0 
8.0 9.0 0.0 0.0 2.0 
16.0 22.0 2.0 14.0 0.0 
0.0 8.0 2.0 3.0 22.0 
24.0 0.0 4.0 15.0 22.0 
4.0 17.0 0.0 2.0 24.0 
7.0 17.0 22.0 0.0 14.0 
19.0 12.0 9.0 21.0 0.0 
0.0 23.0 18.0 24.0 19.0 
9.0 0.0 2.0 22.0 24.0 
16.0 23.0 0.0 11.0 2.0 
19.0 22.0 9.0 0.0 9.0 
10.0 12.0 20.0 18.0 0.0 
0.0 4.0 16.0 13.0 22.0 
22.0 0.0 2.0 19.0 13.0 
23.0 22.0 0.0 7.0 6.0 
1.0 6.0 7.0 0.0 12.0 
2.0 21.0 6.0 1.0 0.0 
0.0 7.0 8.0 10.0 6.0 
17.0 0.0 24.0 24.0 21.0 
21.0 21.0 0.0 13.0 2.0 
3.0 9.0 1.0 0.0 5.0 
4.0 14.0 16.0 21.0 0.0 
0.0 20.0 7.0 22.0 6.0 
22.0 0.0 6.0 24.0 15.0 
16.0 18.0 0.0 10.0 24.0 
23.0 5.0 23.0 0.0 14.0 
3.0 14.0 2.0 0.0 0.0 
0.0 8.0 5.0 23.0 20.0 
9.0 0.0 7.0 22.0 9.0 
22.0 3.0 0.0 5.0 15.0 
16.0 6.0 7.0 0.0 13.0 
12.0 24.0 3.0 22.0 0.0 
0.0 18.0 10.0 3.0 24.0 
6.0 0.0 23.0 7.0 8.0 
20.0 18.0 0.0 4.0 6.0 
11.0 4.0 10.0 0.0 15.0 
15.0 23.0 12.0 15.0 0.0 
0.0 9.0 9.0 5.0 19.0 
10.0 0.0 8.0 22.0 7.0 
17.0 22.0 0.0 18.0 17.0 
6.0 17.0 23.0 0.0 6.0 
10.0 18.0 19.0 5.0 0.0 
0.0 16.0 10.0 17.0 1.0 
8.0 0.0 5.0 11.0 16.0 
24.0 11.0 0.0 20.0 5.0 
2.0 14.0 16.0 0.0 10.0 
14.0 23.0 9.0 1.0 0.0 
0.0 22.0 24.0 3.0 13.0 
23.0 0.0 3.0 14.0 2.0 
22.0 19.0 0.0 24.0 9.0 
8.0 20.0 18.0 0.0 4.0 
10.0 14.0 17.0 0.0 0.0 
0.0 5.0 16.0 11.0 24.0 
16.0 0.0 13.0 14.0 8.0 
7.0 17.0 0.0 1.0 0.0 
16.0 11.0 10.0 0.0 16.0 
5.0 20.0 6.0 0.0 0.0 
