0.0 19.0 9.0 1.0 22.0 
6.0 0.0 4.0 6.0 22.0 
15.0 10.0 0.0 12.0 15.0 
5.0 15.0 7.0 0.0 15.0 
16.0 9.0 0.0 4.0 0.0 
0.0 23.0 19.0 15.0 7.0 
5.0 0.0 4.0 1.0 18.0 
21.0 19.0 0.0 4.0 18.0 
24.0 15.0 19.0 0.0 20.0 
16.0 7.0 20.0 18.0 0.0 
0.0 14.0 17.0 18.0 20.0 
8.0 0.0 23.0 4.0 11.0 
6.0 22.0 0.0 8.0 18.0 
9.0 8.0 23.0 0.0 2.0 
17.0 22.0 20.0 18.0 0.0 
0.0 18.0 7.0 8.0 3.0 
10.0 0.0 24.0 0.0 14.0 
21.0 5.0 0.0 16.0 0.0 
10.0 21.0 17.0 0.0 15.0 
13.0 16.0 14.0 5.0 0.0 
0.0 0.0 16.0 13.0 1.0 
5.0 0.0 0.0 15.0 5.0 
11.0 12.0 0.0 24.0 12.0 
15.0 24.0 3.0 0.0 4.0 
15.0 20.0 10.0 5.0 0.0 
0.0 17.0 7.0 5.0 18.0 
17.0 0.0 0.0 2.0 5.0 
11.0 5.0 0.0 5.0 1.0 
21.0 9.0 5.0 0.0 1.0 
19.0 5.0 17.0 21.0 0.0 
0.0 7.0 15.0 16.0 9.0 
14.0 0.0 21.0 0.0 1.0 
22.0 6.0 0.0 20.0 22.0 
5.0 22.0 21.0 0.0 10.0 
17.0 12.0 7.0 6.0 0.0 
0.0 17.0 18.0 16.0 14.0 
24.0 0.0 5.0 3.0 22.0 
13.0 23.0 0.0 4.0 17.0 
23.0 3.0 7.0 0.0 8.0 
16.0 14.0 7.0 11.0 0.0 
0.0 4.0 17.0 14.0 23.0 
14.0 0.0 13.0 11.0 16.0 
18.0 0.0 0.0 7.0 13.0 
4.0 22.0 17.0 0.0 13.0 
19.0 5.0 15.0 5.0 0.0 
0.0 13.0 16.0 19.0 23.0 
10.0 0.0 12.0 2.0 1.0 
23.0 24.0 0.0 5.0 15.0 
9.0 13.0 6.0 0.0 11.0 
13.0 24.0 22.0 12.0 0.0 
0.0 12.0 23.0 3.0 3.0 
21.0 0.0 6.0 9.0 9.0 
8.0 3.0 0.0 13.0 17.0 
14.0 12.0 1.0 0.0 19.0 
20.0 16.0 12.0 3.0 0.0 
0.0 0.0 13.0 22.0 20.0 
8.0 0.0 8.0 21.0 8.0 
14.0 8.0 0.0 1.0 13.0 
1.0 17.0 18.0 0.0 18.0 
17.0 1.0 14.0 13.0 0.0 
