0.0 18.0 16.0 0.0 10.0 
12.0 0.0 1.0 12.0 20.0 
13.0 12.0 0.0 13.0 4.0 
3.0 0.0 2.0 0.0 23.0 
0.0 15.0 16.0 11.0 0.0 
0.0 19.0 10.0 6.0 7.0 
23.0 0.0 6.0 15.0 9.0 
12.0 9.0 0.0 14.0 1.0 
11.0 9.0 8.0 0.0 24.0 
20.0 21.0 23.0 13.0 0.0 
0.0 24.0 13.0 5.0 5.0 
15.0 0.0 12.0 22.0 23.0 
14.0 17.0 0.0 10.0 6.0 
22.0 12.0 3.0 0.0 23.0 
8.0 9.0 0.0 9.0 0.0 
0.0 5.0 17.0 18.0 14.0 
19.0 0.0 1.0 12.0 6.0 
20.0 20.0 0.0 9.0 15.0 
8.0 10.0 3.0 0.0 7.0 
10.0 12.0 3.0 8.0 0.0 
0.0 15.0 21.0 3.0 7.0 
5.0 0.0 14.0 23.0 20.0 
1.0 11.0 0.0 12.0 1.0 
16.0 8.0 14.0 0.0 21.0 
11.0 15.0 0.0 21.0 0.0 
0.0 17.0 22.0 20.0 9.0 
16.0 0.0 14.0 15.0 5.0 
15.0 24.0 0.0 22.0 20.0 
20.0 16.0 18.0 0.0 6.0 
10.0 11.0 0.0 24.0 0.0 
0.0 2.0 2.0 12.0 8.0 
0.0 0.0 9.0 19.0 13.0 
18.0 23.0 0.0 21.0 16.0 
1.0 16.0 16.0 0.0 17.0 
3.0 23.0 15.0 13.0 0.0 
0.0 18.0 23.0 20.0 1.0 
19.0 0.0 17.0 15.0 6.0 
3.0 1.0 0.0 9.0 3.0 
13.0 2.0 24.0 0.0 22.0 
5.0 9.0 12.0 11.0 0.0 
0.0 24.0 2.0 11.0 0.0 
21.0 0.0 11.0 24.0 19.0 
20.0 23.0 0.0 10.0 18.0 
9.0 4.0 19.0 0.0 5.0 
0.0 12.0 5.0 2.0 0.0 
0.0 16.0 16.0 2.0 2.0 
0.0 0.0 8.0 9.0 10.0 
13.0 24.0 0.0 23.0 23.0 
11.0 20.0 12.0 0.0 3.0 
23.0 7.0 20.0 10.0 0.0 
0.0 20.0 19.0 8.0 16.0 
5.0 0.0 17.0 6.0 2.0 
18.0 13.0 0.0 2.0 0.0 
12.0 15.0 5.0 0.0 22.0 
9.0 22.0 8.0 13.0 0.0 
0.0 10.0 5.0 23.0 15.0 
1.0 0.0 22.0 3.0 24.0 
15.0 17.0 0.0 7.0 13.0 
0.0 24.0 21.0 0.0 4.0 
19.0 15.0 11.0 16.0 0.0 
