0.0 18.0 13.0 6.0 23.0 
21.0 0.0 9.0 10.0 21.0 
4.0 16.0 0.0 9.0 11.0 
13.0 19.0 19.0 0.0 15.0 
21.0 16.0 14.0 22.0 0.0 
0.0 10.0 21.0 12.0 7.0 
5.0 0.0 15.0 17.0 19.0 
5.0 22.0 0.0 11.0 21.0 
11.0 22.0 18.0 0.0 8.0 
6.0 10.0 17.0 17.0 0.0 
0.0 12.0 0.0 2.0 3.0 
21.0 0.0 23.0 19.0 18.0 
9.0 3.0 0.0 10.0 2.0 
7.0 16.0 6.0 0.0 7.0 
24.0 17.0 24.0 24.0 0.0 
0.0 2.0 1.0 6.0 0.0 
1.0 0.0 8.0 8.0 22.0 
1.0 13.0 0.0 6.0 21.0 
12.0 14.0 7.0 0.0 21.0 
10.0 23.0 15.0 13.0 0.0 
0.0 0.0 21.0 16.0 15.0 
11.0 0.0 6.0 18.0 12.0 
4.0 22.0 0.0 11.0 16.0 
1.0 6.0 0.0 0.0 13.0 
24.0 11.0 7.0 23.0 0.0 
0.0 20.0 17.0 2.0 22.0 
6.0 0.0 5.0 7.0 21.0 
15.0 22.0 0.0 15.0 5.0 
14.0 17.0 21.0 0.0 19.0 
2.0 17.0 7.0 7.0 0.0 
0.0 16.0 19.0 11.0 15.0 
7.0 0.0 2.0 24.0 20.0 
3.0 21.0 0.0 22.0 20.0 
5.0 13.0 15.0 0.0 4.0 
11.0 19.0 6.0 3.0 0.0 
0.0 11.0 10.0 2.0 1.0 
18.0 0.0 5.0 17.0 0.0 
24.0 5.0 0.0 2.0 2.0 
3.0 21.0 2.0 0.0 6.0 
3.0 6.0 17.0 1.0 0.0 
0.0 24.0 24.0 15.0 0.0 
1.0 0.0 2.0 8.0 14.0 
23.0 16.0 0.0 21.0 12.0 
18.0 12.0 16.0 0.0 24.0 
0.0 18.0 22.0 11.0 0.0 
0.0 3.0 5.0 18.0 24.0 
8.0 0.0 6.0 21.0 13.0 
21.0 5.0 0.0 1.0 24.0 
3.0 6.0 12.0 0.0 14.0 
15.0 21.0 12.0 16.0 0.0 
0.0 11.0 4.0 7.0 17.0 
7.0 0.0 8.0 13.0 4.0 
19.0 17.0 0.0 13.0 7.0 
8.0 8.0 7.0 0.0 22.0 
19.0 15.0 10.0 5.0 0.0 
0.0 18.0 24.0 14.0 12.0 
18.0 0.0 21.0 16.0 4.0 
21.0 17.0 0.0 0.0 11.0 
4.0 6.0 23.0 0.0 4.0 
21.0 7.0 20.0 16.0 0.0 
