0.0 18.0 14.0 20.0 11.0 
23.0 0.0 8.0 4.0 20.0 
3.0 4.0 0.0 5.0 14.0 
16.0 19.0 19.0 0.0 3.0 
6.0 17.0 21.0 1.0 0.0 
0.0 7.0 11.0 6.0 7.0 
23.0 0.0 19.0 4.0 2.0 
17.0 9.0 0.0 0.0 3.0 
7.0 11.0 7.0 0.0 5.0 
15.0 3.0 10.0 10.0 0.0 
0.0 17.0 6.0 17.0 14.0 
3.0 0.0 3.0 6.0 5.0 
16.0 23.0 0.0 24.0 16.0 
4.0 13.0 8.0 0.0 16.0 
23.0 8.0 5.0 3.0 0.0 
0.0 9.0 1.0 5.0 1.0 
17.0 0.0 24.0 12.0 3.0 
24.0 7.0 0.0 19.0 9.0 
24.0 0.0 0.0 0.0 3.0 
9.0 8.0 18.0 6.0 0.0 
0.0 8.0 6.0 21.0 1.0 
22.0 0.0 5.0 3.0 17.0 
16.0 9.0 0.0 6.0 15.0 
2.0 24.0 18.0 0.0 19.0 
13.0 19.0 3.0 21.0 0.0 
0.0 0.0 11.0 7.0 4.0 
5.0 0.0 18.0 12.0 12.0 
14.0 17.0 0.0 5.0 8.0 
19.0 5.0 23.0 0.0 24.0 
3.0 14.0 20.0 20.0 0.0 
0.0 2.0 14.0 5.0 15.0 
15.0 0.0 9.0 5.0 21.0 
15.0 8.0 0.0 4.0 17.0 
1.0 19.0 16.0 0.0 3.0 
3.0 24.0 6.0 21.0 0.0 
0.0 2.0 6.0 21.0 19.0 
16.0 0.0 24.0 5.0 6.0 
13.0 1.0 0.0 1.0 18.0 
12.0 6.0 17.0 0.0 23.0 
9.0 14.0 9.0 20.0 0.0 
0.0 7.0 9.0 12.0 11.0 
15.0 0.0 23.0 19.0 24.0 
11.0 6.0 0.0 2.0 12.0 
6.0 22.0 19.0 0.0 16.0 
4.0 10.0 1.0 24.0 0.0 
0.0 0.0 24.0 17.0 15.0 
15.0 0.0 21.0 14.0 21.0 
13.0 0.0 0.0 5.0 10.0 
2.0 18.0 23.0 0.0 21.0 
2.0 18.0 11.0 7.0 0.0 
0.0 15.0 23.0 13.0 23.0 
9.0 0.0 5.0 0.0 13.0 
6.0 14.0 0.0 14.0 11.0 
2.0 7.0 16.0 0.0 22.0 
16.0 23.0 0.0 12.0 0.0 
0.0 5.0 22.0 14.0 20.0 
18.0 0.0 3.0 22.0 20.0 
9.0 10.0 0.0 13.0 13.0 
23.0 22.0 3.0 0.0 8.0 
14.0 16.0 0.0 22.0 0.0 
