0.0 4.0 5.0 22.0 17.0 
1.0 0.0 13.0 15.0 5.0 
18.0 14.0 0.0 4.0 14.0 
15.0 13.0 18.0 0.0 14.0 
5.0 20.0 2.0 14.0 0.0 
0.0 10.0 13.0 9.0 4.0 
22.0 0.0 10.0 20.0 21.0 
1.0 23.0 0.0 8.0 18.0 
11.0 16.0 10.0 0.0 23.0 
15.0 21.0 11.0 2.0 0.0 
0.0 13.0 22.0 23.0 1.0 
11.0 0.0 14.0 8.0 0.0 
10.0 4.0 0.0 2.0 9.0 
6.0 9.0 23.0 0.0 7.0 
3.0 0.0 13.0 9.0 0.0 
0.0 23.0 6.0 20.0 3.0 
8.0 0.0 23.0 23.0 1.0 
1.0 8.0 0.0 5.0 14.0 
21.0 17.0 17.0 0.0 3.0 
20.0 12.0 17.0 5.0 0.0 
0.0 19.0 8.0 13.0 2.0 
22.0 0.0 22.0 19.0 0.0 
17.0 11.0 0.0 5.0 8.0 
23.0 2.0 23.0 0.0 20.0 
13.0 23.0 20.0 21.0 0.0 
0.0 14.0 20.0 24.0 15.0 
8.0 0.0 3.0 8.0 11.0 
2.0 19.0 0.0 8.0 0.0 
1.0 24.0 8.0 0.0 14.0 
5.0 10.0 21.0 14.0 0.0 
0.0 8.0 13.0 23.0 8.0 
23.0 0.0 17.0 11.0 4.0 
9.0 17.0 0.0 5.0 6.0 
5.0 7.0 21.0 0.0 6.0 
17.0 24.0 10.0 14.0 0.0 
0.0 18.0 23.0 12.0 0.0 
23.0 0.0 4.0 13.0 4.0 
12.0 12.0 0.0 10.0 0.0 
2.0 24.0 17.0 0.0 20.0 
6.0 0.0 0.0 5.0 0.0 
0.0 4.0 5.0 11.0 3.0 
9.0 0.0 2.0 17.0 15.0 
17.0 11.0 0.0 14.0 9.0 
10.0 4.0 13.0 0.0 9.0 
24.0 5.0 13.0 19.0 0.0 
0.0 23.0 19.0 18.0 7.0 
2.0 0.0 2.0 13.0 7.0 
2.0 9.0 0.0 2.0 6.0 
11.0 5.0 14.0 0.0 9.0 
3.0 10.0 5.0 9.0 0.0 
0.0 20.0 8.0 20.0 15.0 
11.0 0.0 20.0 0.0 14.0 
13.0 14.0 0.0 19.0 9.0 
15.0 20.0 15.0 0.0 5.0 
1.0 4.0 7.0 7.0 0.0 
0.0 0.0 1.0 10.0 1.0 
20.0 0.0 4.0 18.0 13.0 
7.0 0.0 0.0 15.0 12.0 
14.0 17.0 5.0 0.0 16.0 
21.0 12.0 21.0 12.0 0.0 
