0.0 10.0 18.0 10.0 2.0 
14.0 0.0 6.0 23.0 20.0 
18.0 22.0 0.0 15.0 21.0 
24.0 1.0 18.0 0.0 1.0 
5.0 19.0 24.0 4.0 0.0 
0.0 23.0 21.0 18.0 13.0 
8.0 0.0 5.0 19.0 9.0 
5.0 6.0 0.0 3.0 3.0 
23.0 17.0 1.0 0.0 7.0 
14.0 17.0 13.0 13.0 0.0 
0.0 7.0 0.0 20.0 4.0 
20.0 0.0 9.0 1.0 13.0 
22.0 4.0 0.0 9.0 24.0 
22.0 13.0 1.0 0.0 24.0 
4.0 7.0 17.0 21.0 0.0 
0.0 13.0 22.0 9.0 0.0 
11.0 0.0 11.0 22.0 24.0 
10.0 5.0 0.0 6.0 4.0 
10.0 15.0 1.0 0.0 15.0 
9.0 15.0 19.0 19.0 0.0 
0.0 1.0 3.0 6.0 23.0 
14.0 0.0 6.0 18.0 16.0 
3.0 11.0 0.0 6.0 1.0 
5.0 2.0 20.0 0.0 22.0 
18.0 17.0 2.0 3.0 0.0 
0.0 18.0 3.0 14.0 0.0 
0.0 0.0 23.0 13.0 2.0 
9.0 14.0 0.0 10.0 6.0 
7.0 21.0 23.0 0.0 10.0 
6.0 1.0 6.0 14.0 0.0 
0.0 4.0 15.0 5.0 1.0 
16.0 0.0 18.0 7.0 12.0 
17.0 19.0 0.0 21.0 21.0 
15.0 15.0 22.0 0.0 3.0 
8.0 6.0 17.0 7.0 0.0 
0.0 21.0 20.0 2.0 2.0 
5.0 0.0 1.0 15.0 23.0 
21.0 14.0 0.0 8.0 23.0 
13.0 15.0 17.0 0.0 6.0 
4.0 24.0 23.0 5.0 0.0 
0.0 12.0 18.0 9.0 20.0 
22.0 0.0 0.0 19.0 1.0 
14.0 6.0 0.0 17.0 23.0 
9.0 10.0 16.0 0.0 8.0 
15.0 23.0 5.0 1.0 0.0 
0.0 3.0 3.0 21.0 13.0 
5.0 0.0 23.0 8.0 24.0 
21.0 11.0 0.0 8.0 19.0 
5.0 11.0 18.0 0.0 16.0 
7.0 11.0 1.0 21.0 0.0 
0.0 7.0 18.0 11.0 7.0 
23.0 0.0 7.0 21.0 2.0 
24.0 12.0 0.0 5.0 18.0 
22.0 18.0 15.0 0.0 12.0 
16.0 21.0 22.0 14.0 0.0 
0.0 16.0 7.0 22.0 12.0 
17.0 0.0 21.0 19.0 16.0 
24.0 7.0 0.0 22.0 9.0 
5.0 9.0 9.0 0.0 17.0 
5.0 16.0 18.0 8.0 0.0 
