0.0 12.0 6.0 23.0 7.0 
2.0 0.0 3.0 16.0 17.0 
2.0 5.0 0.0 12.0 14.0 
0.0 4.0 0.0 0.0 11.0 
24.0 13.0 24.0 23.0 0.0 
0.0 6.0 0.0 23.0 15.0 
17.0 0.0 17.0 2.0 6.0 
14.0 2.0 0.0 4.0 18.0 
11.0 16.0 24.0 0.0 18.0 
6.0 6.0 4.0 21.0 0.0 
0.0 20.0 18.0 13.0 22.0 
20.0 0.0 4.0 0.0 24.0 
14.0 3.0 0.0 3.0 2.0 
18.0 18.0 24.0 0.0 16.0 
11.0 3.0 1.0 1.0 0.0 
0.0 6.0 2.0 18.0 21.0 
7.0 0.0 10.0 0.0 23.0 
0.0 22.0 0.0 1.0 10.0 
17.0 19.0 6.0 0.0 20.0 
22.0 18.0 13.0 18.0 0.0 
0.0 11.0 7.0 17.0 22.0 
20.0 0.0 15.0 13.0 20.0 
21.0 19.0 0.0 20.0 18.0 
14.0 9.0 7.0 0.0 18.0 
5.0 11.0 12.0 2.0 0.0 
0.0 14.0 12.0 4.0 10.0 
18.0 0.0 1.0 10.0 1.0 
16.0 14.0 0.0 4.0 8.0 
24.0 16.0 12.0 0.0 6.0 
9.0 18.0 5.0 1.0 0.0 
0.0 16.0 10.0 3.0 6.0 
24.0 0.0 21.0 2.0 1.0 
20.0 9.0 0.0 4.0 9.0 
6.0 8.0 14.0 0.0 15.0 
11.0 6.0 15.0 7.0 0.0 
0.0 1.0 14.0 8.0 16.0 
8.0 0.0 17.0 5.0 12.0 
23.0 17.0 0.0 23.0 24.0 
24.0 5.0 4.0 0.0 8.0 
2.0 19.0 1.0 14.0 0.0 
0.0 12.0 3.0 20.0 8.0 
13.0 0.0 4.0 24.0 12.0 
21.0 5.0 0.0 15.0 14.0 
18.0 19.0 8.0 0.0 24.0 
14.0 21.0 22.0 20.0 0.0 
0.0 23.0 6.0 21.0 15.0 
0.0 0.0 6.0 13.0 19.0 
14.0 16.0 0.0 18.0 2.0 
8.0 21.0 19.0 0.0 10.0 
4.0 3.0 5.0 12.0 0.0 
0.0 18.0 7.0 19.0 8.0 
15.0 0.0 10.0 12.0 3.0 
20.0 11.0 0.0 24.0 9.0 
2.0 22.0 1.0 0.0 12.0 
10.0 21.0 8.0 6.0 0.0 
0.0 4.0 5.0 21.0 15.0 
13.0 0.0 11.0 10.0 0.0 
10.0 4.0 0.0 6.0 14.0 
4.0 22.0 9.0 0.0 24.0 
1.0 20.0 7.0 2.0 0.0 
