0.0 19.0 18.0 16.0 3.0 
8.0 0.0 11.0 22.0 10.0 
24.0 12.0 0.0 10.0 11.0 
17.0 17.0 9.0 0.0 8.0 
10.0 2.0 19.0 21.0 0.0 
0.0 23.0 13.0 18.0 22.0 
16.0 0.0 0.0 21.0 1.0 
5.0 18.0 0.0 4.0 23.0 
11.0 7.0 5.0 0.0 18.0 
6.0 13.0 1.0 19.0 0.0 
0.0 6.0 12.0 20.0 20.0 
16.0 0.0 10.0 1.0 7.0 
6.0 15.0 0.0 12.0 9.0 
3.0 13.0 14.0 0.0 18.0 
6.0 5.0 14.0 9.0 0.0 
0.0 15.0 2.0 2.0 6.0 
23.0 0.0 23.0 14.0 14.0 
9.0 21.0 0.0 21.0 23.0 
1.0 2.0 9.0 0.0 18.0 
17.0 24.0 8.0 16.0 0.0 
0.0 5.0 24.0 14.0 18.0 
23.0 0.0 15.0 20.0 16.0 
10.0 5.0 0.0 1.0 2.0 
10.0 8.0 24.0 0.0 21.0 
19.0 18.0 14.0 1.0 0.0 
0.0 3.0 8.0 6.0 11.0 
4.0 0.0 8.0 8.0 13.0 
5.0 1.0 0.0 24.0 23.0 
7.0 22.0 23.0 0.0 12.0 
23.0 15.0 1.0 20.0 0.0 
0.0 16.0 4.0 12.0 16.0 
10.0 0.0 6.0 2.0 15.0 
7.0 11.0 0.0 8.0 23.0 
7.0 0.0 19.0 0.0 24.0 
17.0 14.0 1.0 11.0 0.0 
0.0 19.0 14.0 17.0 18.0 
6.0 0.0 8.0 20.0 9.0 
0.0 0.0 0.0 10.0 23.0 
2.0 15.0 4.0 0.0 20.0 
6.0 3.0 19.0 9.0 0.0 
0.0 13.0 2.0 9.0 24.0 
8.0 0.0 12.0 11.0 9.0 
21.0 23.0 0.0 12.0 23.0 
13.0 16.0 17.0 0.0 8.0 
0.0 3.0 24.0 23.0 0.0 
0.0 12.0 5.0 0.0 12.0 
7.0 0.0 13.0 18.0 8.0 
13.0 16.0 0.0 13.0 5.0 
4.0 12.0 5.0 0.0 1.0 
21.0 6.0 24.0 7.0 0.0 
0.0 12.0 2.0 24.0 6.0 
14.0 0.0 5.0 17.0 14.0 
21.0 5.0 0.0 10.0 7.0 
21.0 24.0 21.0 0.0 3.0 
16.0 13.0 22.0 3.0 0.0 
0.0 22.0 17.0 3.0 14.0 
24.0 0.0 16.0 4.0 11.0 
12.0 16.0 0.0 6.0 14.0 
20.0 0.0 24.0 0.0 1.0 
11.0 13.0 15.0 12.0 0.0 
