0.0 6.0 0.0 23.0 6.0 
18.0 0.0 23.0 22.0 7.0 
23.0 10.0 0.0 11.0 7.0 
15.0 11.0 6.0 0.0 18.0 
22.0 20.0 20.0 21.0 0.0 
0.0 3.0 16.0 19.0 20.0 
21.0 0.0 17.0 15.0 2.0 
17.0 6.0 0.0 4.0 9.0 
7.0 12.0 7.0 0.0 5.0 
4.0 19.0 7.0 5.0 0.0 
0.0 2.0 12.0 24.0 2.0 
3.0 0.0 14.0 16.0 20.0 
1.0 13.0 0.0 24.0 16.0 
12.0 11.0 8.0 0.0 10.0 
16.0 19.0 11.0 17.0 0.0 
0.0 17.0 7.0 22.0 13.0 
7.0 0.0 8.0 10.0 23.0 
6.0 14.0 0.0 21.0 13.0 
15.0 1.0 12.0 0.0 6.0 
20.0 19.0 6.0 14.0 0.0 
0.0 3.0 8.0 3.0 22.0 
4.0 0.0 16.0 18.0 13.0 
5.0 5.0 0.0 6.0 19.0 
17.0 2.0 2.0 0.0 24.0 
22.0 22.0 23.0 15.0 0.0 
0.0 2.0 23.0 22.0 16.0 
2.0 0.0 14.0 7.0 9.0 
12.0 18.0 0.0 7.0 22.0 
1.0 24.0 9.0 0.0 5.0 
6.0 5.0 18.0 21.0 0.0 
0.0 13.0 17.0 13.0 15.0 
13.0 0.0 12.0 20.0 11.0 
6.0 6.0 0.0 14.0 13.0 
2.0 20.0 2.0 0.0 20.0 
9.0 7.0 12.0 18.0 0.0 
0.0 11.0 15.0 1.0 8.0 
5.0 0.0 20.0 17.0 17.0 
8.0 7.0 0.0 0.0 24.0 
10.0 18.0 13.0 0.0 6.0 
5.0 10.0 23.0 5.0 0.0 
0.0 9.0 22.0 17.0 10.0 
2.0 0.0 23.0 16.0 0.0 
1.0 10.0 0.0 20.0 13.0 
22.0 7.0 18.0 0.0 7.0 
5.0 5.0 23.0 3.0 0.0 
0.0 0.0 2.0 17.0 0.0 
19.0 0.0 23.0 2.0 12.0 
2.0 2.0 0.0 10.0 10.0 
24.0 5.0 0.0 0.0 6.0 
13.0 21.0 2.0 12.0 0.0 
0.0 18.0 2.0 19.0 3.0 
23.0 0.0 12.0 3.0 8.0 
18.0 7.0 0.0 20.0 16.0 
11.0 9.0 16.0 0.0 4.0 
1.0 18.0 16.0 17.0 0.0 
0.0 6.0 13.0 8.0 19.0 
18.0 0.0 20.0 5.0 12.0 
9.0 5.0 0.0 19.0 14.0 
24.0 10.0 19.0 0.0 8.0 
3.0 16.0 24.0 15.0 0.0 
