0.0 5.0 12.0 12.0 9.0 
15.0 0.0 0.0 1.0 11.0 
5.0 13.0 0.0 6.0 14.0 
23.0 20.0 9.0 0.0 3.0 
5.0 1.0 18.0 3.0 0.0 
0.0 19.0 1.0 21.0 3.0 
20.0 0.0 11.0 5.0 15.0 
2.0 24.0 0.0 2.0 20.0 
10.0 1.0 18.0 0.0 5.0 
8.0 8.0 9.0 13.0 0.0 
0.0 22.0 12.0 24.0 1.0 
15.0 0.0 5.0 22.0 18.0 
17.0 14.0 0.0 12.0 7.0 
5.0 7.0 5.0 0.0 3.0 
17.0 18.0 24.0 11.0 0.0 
0.0 20.0 4.0 14.0 4.0 
12.0 0.0 24.0 0.0 2.0 
11.0 11.0 0.0 0.0 22.0 
1.0 14.0 12.0 0.0 19.0 
15.0 24.0 4.0 11.0 0.0 
0.0 8.0 9.0 20.0 1.0 
1.0 0.0 10.0 18.0 16.0 
11.0 11.0 0.0 15.0 17.0 
18.0 9.0 24.0 0.0 23.0 
14.0 4.0 13.0 18.0 0.0 
0.0 11.0 1.0 11.0 17.0 
6.0 0.0 18.0 8.0 1.0 
8.0 12.0 0.0 21.0 0.0 
17.0 0.0 9.0 0.0 12.0 
6.0 10.0 23.0 18.0 0.0 
0.0 19.0 1.0 12.0 1.0 
2.0 0.0 22.0 12.0 12.0 
6.0 7.0 0.0 21.0 6.0 
2.0 10.0 21.0 0.0 12.0 
7.0 8.0 20.0 9.0 0.0 
0.0 3.0 9.0 9.0 17.0 
3.0 0.0 2.0 12.0 12.0 
5.0 8.0 0.0 8.0 7.0 
14.0 4.0 20.0 0.0 1.0 
17.0 8.0 11.0 13.0 0.0 
0.0 21.0 21.0 20.0 16.0 
19.0 0.0 0.0 24.0 20.0 
14.0 16.0 0.0 20.0 14.0 
22.0 4.0 11.0 0.0 17.0 
5.0 0.0 24.0 11.0 0.0 
0.0 19.0 17.0 14.0 20.0 
5.0 0.0 16.0 21.0 0.0 
10.0 20.0 0.0 18.0 20.0 
20.0 15.0 0.0 0.0 3.0 
11.0 22.0 15.0 1.0 0.0 
0.0 9.0 17.0 16.0 4.0 
4.0 0.0 23.0 23.0 0.0 
0.0 5.0 0.0 1.0 10.0 
6.0 22.0 14.0 0.0 3.0 
14.0 5.0 1.0 4.0 0.0 
0.0 0.0 4.0 16.0 6.0 
24.0 0.0 14.0 1.0 12.0 
10.0 6.0 0.0 17.0 12.0 
22.0 14.0 23.0 0.0 24.0 
5.0 9.0 18.0 0.0 0.0 
