0.0 17.0 11.0 0.0 6.0 
18.0 0.0 6.0 24.0 12.0 
7.0 17.0 0.0 15.0 13.0 
12.0 6.0 19.0 0.0 1.0 
18.0 13.0 24.0 6.0 0.0 
0.0 22.0 18.0 8.0 3.0 
8.0 0.0 19.0 13.0 7.0 
4.0 16.0 0.0 18.0 20.0 
18.0 23.0 8.0 0.0 8.0 
16.0 8.0 12.0 4.0 0.0 
0.0 2.0 19.0 6.0 8.0 
7.0 0.0 7.0 18.0 11.0 
19.0 1.0 0.0 3.0 18.0 
19.0 18.0 9.0 0.0 7.0 
14.0 9.0 13.0 0.0 0.0 
0.0 20.0 17.0 14.0 16.0 
1.0 0.0 3.0 10.0 0.0 
17.0 2.0 0.0 17.0 8.0 
0.0 16.0 20.0 0.0 10.0 
23.0 5.0 7.0 3.0 0.0 
0.0 20.0 9.0 13.0 23.0 
24.0 0.0 8.0 16.0 0.0 
14.0 5.0 0.0 21.0 23.0 
21.0 6.0 21.0 0.0 24.0 
6.0 24.0 8.0 19.0 0.0 
0.0 10.0 24.0 16.0 12.0 
1.0 0.0 7.0 6.0 21.0 
14.0 8.0 0.0 24.0 9.0 
13.0 11.0 23.0 0.0 22.0 
21.0 5.0 4.0 4.0 0.0 
0.0 22.0 7.0 10.0 6.0 
19.0 0.0 0.0 12.0 10.0 
10.0 15.0 0.0 4.0 9.0 
6.0 9.0 9.0 0.0 7.0 
15.0 3.0 18.0 8.0 0.0 
0.0 21.0 3.0 11.0 4.0 
0.0 0.0 5.0 2.0 16.0 
6.0 22.0 0.0 21.0 14.0 
3.0 18.0 12.0 0.0 24.0 
16.0 7.0 5.0 21.0 0.0 
0.0 21.0 18.0 5.0 14.0 
12.0 0.0 9.0 20.0 21.0 
10.0 8.0 0.0 0.0 16.0 
16.0 5.0 24.0 0.0 21.0 
1.0 13.0 6.0 19.0 0.0 
0.0 24.0 1.0 0.0 11.0 
6.0 0.0 4.0 22.0 13.0 
0.0 5.0 0.0 9.0 3.0 
3.0 3.0 15.0 0.0 14.0 
14.0 12.0 22.0 17.0 0.0 
0.0 10.0 17.0 17.0 9.0 
6.0 0.0 7.0 24.0 17.0 
10.0 1.0 0.0 15.0 24.0 
13.0 0.0 19.0 0.0 3.0 
21.0 21.0 2.0 13.0 0.0 
0.0 3.0 23.0 8.0 1.0 
19.0 0.0 22.0 9.0 17.0 
2.0 19.0 0.0 19.0 2.0 
4.0 5.0 11.0 0.0 23.0 
9.0 7.0 10.0 21.0 0.0 
