0.0 23.0 5.0 17.0 18.0 
12.0 0.0 17.0 24.0 12.0 
2.0 4.0 0.0 5.0 17.0 
1.0 0.0 1.0 0.0 1.0 
17.0 8.0 22.0 11.0 0.0 
0.0 7.0 12.0 0.0 20.0 
14.0 0.0 12.0 10.0 15.0 
23.0 12.0 0.0 12.0 14.0 
11.0 17.0 14.0 0.0 7.0 
2.0 3.0 23.0 11.0 0.0 
0.0 15.0 24.0 24.0 15.0 
4.0 0.0 21.0 24.0 3.0 
6.0 8.0 0.0 24.0 23.0 
24.0 15.0 14.0 0.0 2.0 
18.0 3.0 18.0 15.0 0.0 
0.0 15.0 0.0 13.0 20.0 
20.0 0.0 21.0 0.0 18.0 
4.0 5.0 0.0 9.0 17.0 
9.0 11.0 9.0 0.0 16.0 
19.0 1.0 19.0 17.0 0.0 
0.0 21.0 3.0 24.0 24.0 
18.0 0.0 19.0 1.0 1.0 
16.0 18.0 0.0 9.0 0.0 
15.0 13.0 6.0 0.0 6.0 
10.0 4.0 2.0 11.0 0.0 
0.0 13.0 23.0 5.0 9.0 
23.0 0.0 4.0 19.0 6.0 
17.0 14.0 0.0 12.0 6.0 
2.0 24.0 19.0 0.0 8.0 
13.0 19.0 4.0 14.0 0.0 
0.0 19.0 21.0 11.0 2.0 
20.0 0.0 24.0 12.0 14.0 
0.0 23.0 0.0 10.0 4.0 
1.0 8.0 19.0 0.0 23.0 
4.0 12.0 13.0 12.0 0.0 
0.0 21.0 0.0 10.0 18.0 
9.0 0.0 5.0 15.0 23.0 
8.0 14.0 0.0 0.0 8.0 
16.0 17.0 22.0 0.0 1.0 
6.0 14.0 14.0 14.0 0.0 
0.0 3.0 11.0 7.0 14.0 
3.0 0.0 1.0 8.0 11.0 
14.0 11.0 0.0 0.0 15.0 
3.0 17.0 6.0 0.0 17.0 
16.0 0.0 19.0 0.0 0.0 
0.0 17.0 0.0 14.0 3.0 
9.0 0.0 4.0 6.0 7.0 
8.0 23.0 0.0 7.0 10.0 
14.0 11.0 18.0 0.0 23.0 
0.0 21.0 3.0 12.0 0.0 
0.0 12.0 11.0 14.0 11.0 
18.0 0.0 23.0 8.0 0.0 
0.0 13.0 0.0 5.0 11.0 
5.0 15.0 0.0 0.0 14.0 
15.0 18.0 10.0 5.0 0.0 
0.0 1.0 0.0 16.0 11.0 
8.0 0.0 14.0 13.0 19.0 
19.0 13.0 0.0 3.0 6.0 
15.0 14.0 8.0 0.0 1.0 
7.0 23.0 20.0 4.0 0.0 
