0.0 11.0 20.0 13.0 24.0 
20.0 0.0 13.0 14.0 5.0 
22.0 17.0 0.0 3.0 11.0 
0.0 10.0 14.0 0.0 11.0 
12.0 10.0 15.0 24.0 0.0 
0.0 9.0 17.0 4.0 11.0 
7.0 0.0 21.0 14.0 8.0 
13.0 24.0 0.0 13.0 8.0 
10.0 2.0 4.0 0.0 8.0 
13.0 15.0 16.0 2.0 0.0 
0.0 13.0 8.0 0.0 10.0 
5.0 0.0 20.0 17.0 19.0 
0.0 20.0 0.0 17.0 14.0 
4.0 17.0 22.0 0.0 16.0 
6.0 4.0 22.0 21.0 0.0 
0.0 21.0 2.0 21.0 23.0 
15.0 0.0 20.0 10.0 12.0 
19.0 10.0 0.0 2.0 13.0 
20.0 16.0 24.0 0.0 16.0 
3.0 16.0 0.0 22.0 0.0 
0.0 7.0 19.0 4.0 22.0 
18.0 0.0 5.0 16.0 5.0 
13.0 13.0 0.0 15.0 21.0 
15.0 4.0 11.0 0.0 24.0 
16.0 19.0 22.0 24.0 0.0 
0.0 8.0 3.0 0.0 14.0 
22.0 0.0 7.0 22.0 21.0 
14.0 4.0 0.0 16.0 18.0 
10.0 13.0 3.0 0.0 8.0 
10.0 12.0 10.0 12.0 0.0 
0.0 9.0 2.0 5.0 13.0 
13.0 0.0 9.0 2.0 16.0 
9.0 5.0 0.0 9.0 14.0 
9.0 24.0 16.0 0.0 5.0 
13.0 17.0 9.0 9.0 0.0 
0.0 24.0 1.0 7.0 15.0 
1.0 0.0 16.0 15.0 13.0 
17.0 13.0 0.0 12.0 11.0 
8.0 3.0 16.0 0.0 18.0 
1.0 18.0 20.0 17.0 0.0 
0.0 20.0 1.0 4.0 4.0 
7.0 0.0 19.0 9.0 5.0 
10.0 23.0 0.0 15.0 16.0 
20.0 3.0 12.0 0.0 15.0 
15.0 13.0 4.0 9.0 0.0 
0.0 22.0 19.0 8.0 5.0 
4.0 0.0 4.0 9.0 15.0 
14.0 14.0 0.0 9.0 18.0 
21.0 6.0 14.0 0.0 10.0 
22.0 6.0 13.0 10.0 0.0 
0.0 24.0 22.0 20.0 9.0 
4.0 0.0 19.0 24.0 0.0 
24.0 4.0 0.0 6.0 21.0 
18.0 0.0 17.0 0.0 8.0 
19.0 6.0 1.0 16.0 0.0 
0.0 14.0 19.0 22.0 20.0 
22.0 0.0 17.0 1.0 8.0 
6.0 17.0 0.0 19.0 13.0 
6.0 6.0 8.0 0.0 5.0 
3.0 2.0 13.0 20.0 0.0 
