0.0 23.0 12.0 1.0 3.0 
9.0 0.0 20.0 22.0 9.0 
8.0 3.0 0.0 18.0 11.0 
14.0 21.0 18.0 0.0 13.0 
6.0 14.0 12.0 14.0 0.0 
0.0 23.0 6.0 13.0 14.0 
15.0 0.0 20.0 19.0 7.0 
7.0 13.0 0.0 13.0 19.0 
20.0 11.0 14.0 0.0 20.0 
1.0 15.0 4.0 9.0 0.0 
0.0 16.0 11.0 24.0 24.0 
8.0 0.0 16.0 0.0 20.0 
17.0 22.0 0.0 15.0 7.0 
19.0 24.0 9.0 0.0 19.0 
22.0 9.0 18.0 3.0 0.0 
0.0 22.0 10.0 9.0 20.0 
16.0 0.0 9.0 0.0 2.0 
14.0 20.0 0.0 19.0 4.0 
4.0 14.0 3.0 0.0 0.0 
10.0 8.0 2.0 0.0 0.0 
0.0 22.0 1.0 9.0 16.0 
24.0 0.0 20.0 10.0 22.0 
0.0 8.0 0.0 19.0 3.0 
21.0 0.0 1.0 0.0 3.0 
23.0 0.0 5.0 24.0 0.0 
0.0 17.0 7.0 7.0 23.0 
7.0 0.0 22.0 14.0 3.0 
10.0 15.0 0.0 22.0 0.0 
22.0 15.0 13.0 0.0 3.0 
15.0 11.0 13.0 13.0 0.0 
0.0 10.0 9.0 16.0 15.0 
9.0 0.0 7.0 24.0 15.0 
0.0 23.0 0.0 12.0 12.0 
20.0 1.0 17.0 0.0 1.0 
22.0 1.0 10.0 4.0 0.0 
0.0 22.0 11.0 4.0 20.0 
18.0 0.0 19.0 13.0 10.0 
4.0 9.0 0.0 4.0 20.0 
20.0 20.0 9.0 0.0 1.0 
19.0 14.0 23.0 8.0 0.0 
0.0 21.0 20.0 6.0 22.0 
13.0 0.0 7.0 5.0 18.0 
1.0 1.0 0.0 3.0 24.0 
23.0 4.0 7.0 0.0 22.0 
23.0 0.0 12.0 23.0 0.0 
0.0 21.0 12.0 22.0 14.0 
22.0 0.0 1.0 4.0 17.0 
20.0 1.0 0.0 14.0 18.0 
17.0 15.0 9.0 0.0 15.0 
20.0 14.0 13.0 11.0 0.0 
0.0 13.0 21.0 10.0 19.0 
11.0 0.0 19.0 23.0 18.0 
1.0 24.0 0.0 15.0 18.0 
24.0 17.0 10.0 0.0 22.0 
18.0 24.0 13.0 7.0 0.0 
0.0 4.0 22.0 15.0 19.0 
5.0 0.0 19.0 6.0 24.0 
14.0 0.0 0.0 8.0 2.0 
19.0 11.0 1.0 0.0 1.0 
11.0 5.0 2.0 6.0 0.0 
