0.0 19.0 6.0 7.0 18.0 
6.0 0.0 2.0 11.0 10.0 
14.0 8.0 0.0 23.0 13.0 
13.0 9.0 6.0 0.0 13.0 
23.0 5.0 0.0 22.0 0.0 
0.0 2.0 9.0 0.0 11.0 
20.0 0.0 4.0 9.0 23.0 
19.0 18.0 0.0 22.0 9.0 
20.0 3.0 13.0 0.0 10.0 
17.0 24.0 21.0 10.0 0.0 
0.0 22.0 9.0 5.0 13.0 
24.0 0.0 23.0 15.0 2.0 
23.0 17.0 0.0 22.0 16.0 
16.0 12.0 8.0 0.0 23.0 
8.0 11.0 7.0 11.0 0.0 
0.0 4.0 17.0 10.0 1.0 
14.0 0.0 8.0 14.0 18.0 
11.0 0.0 0.0 7.0 17.0 
8.0 16.0 15.0 0.0 0.0 
0.0 10.0 0.0 7.0 0.0 
0.0 10.0 19.0 19.0 1.0 
24.0 0.0 18.0 10.0 10.0 
21.0 9.0 0.0 2.0 13.0 
22.0 11.0 11.0 0.0 19.0 
2.0 23.0 2.0 14.0 0.0 
0.0 7.0 5.0 23.0 11.0 
9.0 0.0 4.0 21.0 10.0 
1.0 5.0 0.0 0.0 13.0 
6.0 17.0 16.0 0.0 19.0 
15.0 20.0 16.0 20.0 0.0 
0.0 11.0 16.0 12.0 10.0 
18.0 0.0 24.0 21.0 1.0 
5.0 22.0 0.0 23.0 6.0 
23.0 7.0 24.0 0.0 11.0 
5.0 8.0 21.0 3.0 0.0 
0.0 4.0 14.0 0.0 2.0 
3.0 0.0 13.0 21.0 17.0 
22.0 8.0 0.0 21.0 2.0 
20.0 13.0 9.0 0.0 19.0 
5.0 4.0 14.0 21.0 0.0 
0.0 6.0 22.0 6.0 19.0 
5.0 0.0 19.0 15.0 18.0 
6.0 6.0 0.0 17.0 1.0 
10.0 13.0 10.0 0.0 24.0 
7.0 1.0 2.0 18.0 0.0 
0.0 17.0 12.0 16.0 3.0 
8.0 0.0 3.0 9.0 17.0 
21.0 20.0 0.0 17.0 3.0 
23.0 16.0 6.0 0.0 20.0 
23.0 17.0 22.0 6.0 0.0 
0.0 12.0 23.0 3.0 16.0 
20.0 0.0 14.0 17.0 20.0 
22.0 23.0 0.0 19.0 23.0 
3.0 10.0 4.0 0.0 10.0 
4.0 24.0 9.0 6.0 0.0 
0.0 22.0 24.0 14.0 9.0 
5.0 0.0 5.0 17.0 11.0 
4.0 8.0 0.0 5.0 23.0 
0.0 9.0 22.0 0.0 3.0 
6.0 18.0 6.0 5.0 0.0 
