0.0 12.0 16.0 13.0 24.0 
8.0 0.0 20.0 11.0 6.0 
24.0 1.0 0.0 6.0 15.0 
8.0 14.0 21.0 0.0 23.0 
14.0 3.0 13.0 22.0 0.0 
0.0 24.0 3.0 7.0 14.0 
0.0 0.0 2.0 6.0 1.0 
15.0 8.0 0.0 0.0 3.0 
8.0 14.0 19.0 0.0 4.0 
19.0 23.0 24.0 14.0 0.0 
0.0 7.0 16.0 8.0 9.0 
21.0 0.0 14.0 4.0 1.0 
4.0 24.0 0.0 22.0 21.0 
18.0 16.0 2.0 0.0 1.0 
8.0 2.0 11.0 15.0 0.0 
0.0 0.0 7.0 8.0 3.0 
14.0 0.0 19.0 20.0 3.0 
7.0 23.0 0.0 19.0 7.0 
8.0 3.0 23.0 0.0 13.0 
5.0 5.0 13.0 6.0 0.0 
0.0 21.0 16.0 15.0 8.0 
6.0 0.0 13.0 2.0 19.0 
12.0 2.0 0.0 14.0 21.0 
17.0 4.0 14.0 0.0 12.0 
3.0 15.0 6.0 14.0 0.0 
0.0 13.0 2.0 13.0 21.0 
3.0 0.0 14.0 17.0 6.0 
5.0 16.0 0.0 5.0 4.0 
21.0 12.0 3.0 0.0 20.0 
14.0 1.0 13.0 21.0 0.0 
0.0 0.0 15.0 4.0 7.0 
3.0 0.0 6.0 7.0 22.0 
3.0 0.0 0.0 12.0 21.0 
12.0 3.0 16.0 0.0 16.0 
22.0 24.0 1.0 6.0 0.0 
0.0 3.0 1.0 24.0 15.0 
23.0 0.0 13.0 13.0 11.0 
14.0 21.0 0.0 7.0 6.0 
9.0 13.0 17.0 0.0 5.0 
8.0 19.0 21.0 6.0 0.0 
0.0 2.0 20.0 0.0 9.0 
2.0 0.0 19.0 4.0 13.0 
7.0 9.0 0.0 6.0 4.0 
19.0 5.0 2.0 0.0 23.0 
4.0 3.0 23.0 24.0 0.0 
0.0 9.0 21.0 3.0 14.0 
19.0 0.0 14.0 13.0 24.0 
17.0 8.0 0.0 3.0 6.0 
8.0 19.0 14.0 0.0 15.0 
0.0 5.0 21.0 19.0 0.0 
0.0 6.0 7.0 20.0 5.0 
3.0 0.0 22.0 22.0 17.0 
18.0 13.0 0.0 12.0 16.0 
4.0 12.0 9.0 0.0 6.0 
12.0 12.0 8.0 11.0 0.0 
0.0 12.0 10.0 10.0 10.0 
2.0 0.0 5.0 12.0 6.0 
8.0 19.0 0.0 20.0 16.0 
4.0 22.0 5.0 0.0 0.0 
17.0 20.0 2.0 19.0 0.0 
