0.0 8.0 16.0 10.0 21.0 
8.0 0.0 0.0 5.0 1.0 
0.0 20.0 0.0 6.0 23.0 
17.0 4.0 3.0 0.0 24.0 
22.0 10.0 17.0 10.0 0.0 
0.0 20.0 23.0 8.0 15.0 
13.0 0.0 2.0 17.0 20.0 
0.0 20.0 0.0 0.0 22.0 
24.0 7.0 18.0 0.0 17.0 
24.0 10.0 0.0 18.0 0.0 
0.0 2.0 12.0 17.0 7.0 
18.0 0.0 16.0 12.0 20.0 
5.0 4.0 0.0 22.0 15.0 
2.0 16.0 15.0 0.0 12.0 
21.0 22.0 0.0 21.0 0.0 
0.0 9.0 5.0 21.0 15.0 
7.0 0.0 24.0 13.0 18.0 
18.0 23.0 0.0 13.0 5.0 
8.0 19.0 1.0 0.0 22.0 
22.0 11.0 11.0 14.0 0.0 
0.0 17.0 14.0 20.0 15.0 
0.0 0.0 11.0 7.0 4.0 
18.0 15.0 0.0 20.0 0.0 
18.0 15.0 5.0 0.0 15.0 
9.0 22.0 19.0 4.0 0.0 
0.0 22.0 0.0 17.0 8.0 
10.0 0.0 9.0 16.0 19.0 
11.0 11.0 0.0 15.0 14.0 
17.0 14.0 8.0 0.0 17.0 
17.0 2.0 16.0 22.0 0.0 
0.0 18.0 20.0 12.0 6.0 
0.0 0.0 18.0 17.0 3.0 
10.0 23.0 0.0 9.0 24.0 
24.0 0.0 6.0 0.0 23.0 
9.0 3.0 21.0 16.0 0.0 
0.0 11.0 11.0 3.0 3.0 
20.0 0.0 10.0 1.0 5.0 
18.0 2.0 0.0 12.0 5.0 
10.0 2.0 6.0 0.0 5.0 
1.0 7.0 15.0 6.0 0.0 
0.0 5.0 10.0 0.0 15.0 
12.0 0.0 20.0 24.0 16.0 
23.0 11.0 0.0 23.0 14.0 
23.0 15.0 8.0 0.0 6.0 
11.0 13.0 16.0 9.0 0.0 
0.0 6.0 13.0 24.0 17.0 
15.0 0.0 15.0 4.0 7.0 
21.0 10.0 0.0 23.0 18.0 
9.0 2.0 21.0 0.0 18.0 
2.0 6.0 24.0 15.0 0.0 
0.0 3.0 24.0 24.0 20.0 
16.0 0.0 14.0 4.0 20.0 
0.0 5.0 0.0 13.0 10.0 
0.0 0.0 22.0 0.0 21.0 
10.0 10.0 24.0 1.0 0.0 
0.0 1.0 2.0 15.0 5.0 
2.0 0.0 23.0 12.0 18.0 
16.0 8.0 0.0 24.0 9.0 
24.0 19.0 1.0 0.0 17.0 
8.0 15.0 5.0 8.0 0.0 
