0.0 18.0 16.0 2.0 12.0 
0.0 0.0 19.0 13.0 9.0 
11.0 1.0 0.0 9.0 19.0 
2.0 9.0 0.0 0.0 2.0 
18.0 23.0 7.0 14.0 0.0 
0.0 20.0 9.0 16.0 18.0 
20.0 0.0 22.0 5.0 7.0 
24.0 5.0 0.0 10.0 8.0 
18.0 15.0 3.0 0.0 4.0 
0.0 0.0 19.0 23.0 0.0 
0.0 17.0 1.0 18.0 0.0 
11.0 0.0 0.0 16.0 14.0 
13.0 8.0 0.0 13.0 16.0 
20.0 5.0 9.0 0.0 23.0 
11.0 10.0 9.0 20.0 0.0 
0.0 1.0 12.0 18.0 21.0 
24.0 0.0 16.0 4.0 20.0 
20.0 11.0 0.0 10.0 23.0 
8.0 17.0 14.0 0.0 17.0 
19.0 10.0 2.0 15.0 0.0 
0.0 19.0 7.0 20.0 0.0 
12.0 0.0 13.0 16.0 16.0 
1.0 20.0 0.0 20.0 4.0 
5.0 22.0 20.0 0.0 5.0 
24.0 15.0 2.0 3.0 0.0 
0.0 14.0 12.0 23.0 12.0 
16.0 0.0 16.0 23.0 21.0 
23.0 18.0 0.0 21.0 19.0 
0.0 10.0 12.0 0.0 11.0 
18.0 12.0 1.0 5.0 0.0 
0.0 6.0 0.0 21.0 23.0 
24.0 0.0 10.0 24.0 11.0 
23.0 16.0 0.0 16.0 15.0 
22.0 11.0 23.0 0.0 9.0 
17.0 6.0 4.0 5.0 0.0 
0.0 4.0 20.0 2.0 21.0 
21.0 0.0 21.0 19.0 21.0 
7.0 3.0 0.0 21.0 12.0 
6.0 23.0 2.0 0.0 19.0 
6.0 19.0 13.0 16.0 0.0 
0.0 18.0 10.0 1.0 6.0 
7.0 0.0 24.0 19.0 9.0 
10.0 7.0 0.0 5.0 22.0 
4.0 9.0 16.0 0.0 11.0 
7.0 18.0 10.0 3.0 0.0 
0.0 22.0 21.0 20.0 16.0 
23.0 0.0 9.0 2.0 13.0 
4.0 17.0 0.0 3.0 24.0 
13.0 8.0 23.0 0.0 8.0 
6.0 2.0 15.0 8.0 0.0 
0.0 5.0 14.0 16.0 10.0 
22.0 0.0 4.0 20.0 14.0 
6.0 0.0 0.0 7.0 18.0 
13.0 22.0 24.0 0.0 15.0 
24.0 3.0 1.0 6.0 0.0 
0.0 20.0 10.0 13.0 0.0 
2.0 0.0 14.0 10.0 19.0 
6.0 22.0 0.0 23.0 1.0 
5.0 21.0 16.0 0.0 17.0 
2.0 13.0 8.0 6.0 0.0 
