0.0 21.0 12.0 0.0 18.0 
22.0 0.0 0.0 2.0 19.0 
9.0 20.0 0.0 20.0 22.0 
6.0 21.0 6.0 0.0 21.0 
12.0 12.0 5.0 10.0 0.0 
0.0 5.0 6.0 14.0 11.0 
5.0 0.0 17.0 22.0 16.0 
15.0 0.0 0.0 7.0 6.0 
1.0 12.0 14.0 0.0 6.0 
13.0 17.0 24.0 3.0 0.0 
0.0 15.0 23.0 14.0 22.0 
16.0 0.0 7.0 8.0 8.0 
3.0 14.0 0.0 11.0 3.0 
19.0 0.0 2.0 0.0 18.0 
20.0 22.0 23.0 16.0 0.0 
0.0 12.0 24.0 1.0 17.0 
2.0 0.0 19.0 3.0 11.0 
7.0 2.0 0.0 23.0 19.0 
22.0 22.0 1.0 0.0 20.0 
13.0 16.0 6.0 6.0 0.0 
0.0 12.0 16.0 24.0 14.0 
12.0 0.0 8.0 1.0 15.0 
22.0 15.0 0.0 0.0 7.0 
4.0 3.0 2.0 0.0 8.0 
7.0 1.0 17.0 7.0 0.0 
0.0 16.0 0.0 8.0 20.0 
7.0 0.0 16.0 7.0 10.0 
19.0 3.0 0.0 22.0 1.0 
14.0 18.0 16.0 0.0 2.0 
19.0 13.0 17.0 17.0 0.0 
0.0 21.0 24.0 18.0 16.0 
21.0 0.0 15.0 1.0 11.0 
6.0 14.0 0.0 6.0 9.0 
13.0 1.0 2.0 0.0 9.0 
10.0 13.0 7.0 21.0 0.0 
0.0 18.0 0.0 20.0 2.0 
1.0 0.0 13.0 10.0 9.0 
1.0 18.0 0.0 2.0 7.0 
2.0 16.0 2.0 0.0 15.0 
21.0 5.0 24.0 2.0 0.0 
0.0 4.0 8.0 2.0 8.0 
24.0 0.0 12.0 24.0 8.0 
9.0 5.0 0.0 15.0 0.0 
3.0 12.0 10.0 0.0 4.0 
24.0 19.0 1.0 14.0 0.0 
0.0 12.0 16.0 4.0 11.0 
0.0 0.0 21.0 2.0 19.0 
21.0 17.0 0.0 21.0 11.0 
10.0 13.0 6.0 0.0 13.0 
20.0 13.0 0.0 10.0 0.0 
0.0 0.0 4.0 3.0 7.0 
4.0 0.0 13.0 22.0 6.0 
3.0 12.0 0.0 13.0 8.0 
8.0 15.0 18.0 0.0 15.0 
21.0 14.0 24.0 7.0 0.0 
0.0 3.0 20.0 24.0 10.0 
14.0 0.0 4.0 24.0 21.0 
1.0 23.0 0.0 11.0 9.0 
10.0 23.0 2.0 0.0 24.0 
0.0 14.0 20.0 5.0 0.0 
