0.0 20.0 5.0 6.0 13.0 
4.0 0.0 3.0 2.0 18.0 
3.0 9.0 0.0 7.0 5.0 
2.0 20.0 0.0 0.0 7.0 
8.0 21.0 22.0 18.0 0.0 
0.0 11.0 8.0 21.0 1.0 
14.0 0.0 22.0 22.0 1.0 
19.0 15.0 0.0 10.0 8.0 
6.0 7.0 20.0 0.0 1.0 
5.0 5.0 13.0 15.0 0.0 
0.0 1.0 16.0 11.0 17.0 
6.0 0.0 7.0 21.0 23.0 
15.0 15.0 0.0 6.0 19.0 
6.0 7.0 1.0 0.0 23.0 
2.0 20.0 15.0 6.0 0.0 
0.0 1.0 0.0 1.0 7.0 
24.0 0.0 18.0 13.0 5.0 
20.0 12.0 0.0 3.0 17.0 
22.0 10.0 19.0 0.0 15.0 
1.0 7.0 23.0 6.0 0.0 
0.0 21.0 10.0 18.0 8.0 
10.0 0.0 11.0 20.0 6.0 
16.0 10.0 0.0 20.0 10.0 
15.0 3.0 20.0 0.0 15.0 
16.0 17.0 22.0 17.0 0.0 
0.0 14.0 3.0 1.0 18.0 
19.0 0.0 4.0 9.0 4.0 
12.0 23.0 0.0 22.0 11.0 
10.0 3.0 4.0 0.0 14.0 
8.0 6.0 10.0 7.0 0.0 
0.0 2.0 1.0 22.0 19.0 
15.0 0.0 12.0 15.0 21.0 
16.0 3.0 0.0 12.0 20.0 
12.0 17.0 10.0 0.0 5.0 
23.0 24.0 23.0 4.0 0.0 
0.0 17.0 4.0 16.0 8.0 
6.0 0.0 11.0 8.0 2.0 
23.0 0.0 0.0 0.0 4.0 
6.0 24.0 19.0 0.0 14.0 
13.0 10.0 3.0 22.0 0.0 
0.0 16.0 16.0 17.0 20.0 
10.0 0.0 18.0 9.0 12.0 
9.0 21.0 0.0 2.0 9.0 
2.0 18.0 22.0 0.0 23.0 
9.0 24.0 6.0 16.0 0.0 
0.0 19.0 6.0 13.0 0.0 
14.0 0.0 3.0 1.0 20.0 
4.0 22.0 0.0 4.0 7.0 
19.0 23.0 12.0 0.0 20.0 
19.0 13.0 24.0 14.0 0.0 
0.0 1.0 10.0 12.0 19.0 
19.0 0.0 19.0 13.0 1.0 
21.0 10.0 0.0 21.0 5.0 
11.0 9.0 22.0 0.0 23.0 
21.0 16.0 3.0 11.0 0.0 
0.0 9.0 17.0 20.0 16.0 
1.0 0.0 5.0 10.0 5.0 
23.0 9.0 0.0 6.0 2.0 
13.0 8.0 13.0 0.0 18.0 
11.0 13.0 9.0 22.0 0.0 
