0.0 14.0 13.0 14.0 19.0 
18.0 0.0 20.0 22.0 5.0 
18.0 11.0 0.0 12.0 19.0 
7.0 17.0 13.0 0.0 22.0 
21.0 5.0 21.0 19.0 0.0 
0.0 5.0 14.0 17.0 18.0 
7.0 0.0 23.0 5.0 10.0 
18.0 24.0 0.0 6.0 2.0 
5.0 6.0 13.0 0.0 22.0 
17.0 0.0 12.0 20.0 0.0 
0.0 21.0 22.0 1.0 16.0 
5.0 0.0 18.0 20.0 15.0 
1.0 19.0 0.0 3.0 11.0 
2.0 19.0 18.0 0.0 7.0 
14.0 1.0 1.0 12.0 0.0 
0.0 8.0 5.0 15.0 14.0 
5.0 0.0 16.0 22.0 18.0 
7.0 7.0 0.0 7.0 20.0 
1.0 23.0 24.0 0.0 15.0 
24.0 17.0 16.0 21.0 0.0 
0.0 16.0 12.0 4.0 21.0 
16.0 0.0 6.0 18.0 8.0 
9.0 1.0 0.0 16.0 8.0 
21.0 19.0 18.0 0.0 9.0 
15.0 17.0 24.0 14.0 0.0 
0.0 0.0 18.0 9.0 19.0 
1.0 0.0 14.0 13.0 19.0 
15.0 19.0 0.0 2.0 18.0 
14.0 6.0 18.0 0.0 0.0 
12.0 13.0 21.0 22.0 0.0 
0.0 11.0 6.0 18.0 15.0 
12.0 0.0 19.0 17.0 17.0 
22.0 9.0 0.0 15.0 11.0 
15.0 24.0 16.0 0.0 23.0 
8.0 12.0 4.0 19.0 0.0 
0.0 18.0 4.0 3.0 12.0 
22.0 0.0 22.0 0.0 20.0 
12.0 21.0 0.0 7.0 17.0 
10.0 15.0 1.0 0.0 3.0 
4.0 20.0 13.0 15.0 0.0 
0.0 2.0 18.0 9.0 15.0 
16.0 0.0 2.0 10.0 6.0 
21.0 22.0 0.0 10.0 15.0 
17.0 11.0 20.0 0.0 14.0 
4.0 14.0 22.0 20.0 0.0 
0.0 12.0 18.0 16.0 0.0 
15.0 0.0 11.0 24.0 13.0 
4.0 19.0 0.0 24.0 2.0 
22.0 23.0 2.0 0.0 2.0 
6.0 0.0 7.0 9.0 0.0 
0.0 5.0 19.0 22.0 14.0 
6.0 0.0 13.0 18.0 17.0 
15.0 3.0 0.0 9.0 4.0 
1.0 5.0 3.0 0.0 16.0 
3.0 4.0 3.0 9.0 0.0 
0.0 1.0 4.0 19.0 12.0 
0.0 0.0 6.0 8.0 14.0 
21.0 6.0 0.0 5.0 18.0 
0.0 2.0 23.0 0.0 2.0 
1.0 7.0 5.0 4.0 0.0 
