0.0 10.0 10.0 19.0 4.0 
20.0 0.0 23.0 4.0 13.0 
3.0 14.0 0.0 14.0 11.0 
20.0 20.0 19.0 0.0 10.0 
15.0 21.0 20.0 14.0 0.0 
0.0 2.0 12.0 1.0 5.0 
10.0 0.0 1.0 22.0 5.0 
24.0 4.0 0.0 16.0 16.0 
16.0 24.0 1.0 0.0 18.0 
15.0 23.0 4.0 23.0 0.0 
0.0 12.0 15.0 22.0 7.0 
2.0 0.0 23.0 1.0 22.0 
7.0 5.0 0.0 13.0 10.0 
9.0 20.0 4.0 0.0 14.0 
19.0 13.0 8.0 4.0 0.0 
0.0 24.0 16.0 18.0 13.0 
12.0 0.0 21.0 0.0 7.0 
17.0 18.0 0.0 24.0 18.0 
21.0 13.0 18.0 0.0 13.0 
0.0 7.0 2.0 20.0 0.0 
0.0 5.0 9.0 11.0 2.0 
12.0 0.0 22.0 23.0 11.0 
6.0 12.0 0.0 5.0 20.0 
20.0 20.0 15.0 0.0 22.0 
3.0 13.0 9.0 21.0 0.0 
0.0 23.0 8.0 12.0 21.0 
8.0 0.0 5.0 22.0 6.0 
14.0 24.0 0.0 4.0 11.0 
18.0 24.0 21.0 0.0 22.0 
4.0 10.0 14.0 11.0 0.0 
0.0 4.0 10.0 4.0 24.0 
20.0 0.0 7.0 19.0 16.0 
16.0 24.0 0.0 23.0 22.0 
13.0 5.0 13.0 0.0 6.0 
21.0 24.0 8.0 13.0 0.0 
0.0 9.0 6.0 11.0 18.0 
19.0 0.0 10.0 15.0 8.0 
10.0 20.0 0.0 15.0 18.0 
2.0 1.0 11.0 0.0 15.0 
16.0 16.0 8.0 15.0 0.0 
0.0 24.0 5.0 2.0 18.0 
15.0 0.0 1.0 24.0 9.0 
9.0 0.0 0.0 8.0 10.0 
4.0 19.0 24.0 0.0 9.0 
1.0 18.0 5.0 0.0 0.0 
0.0 18.0 13.0 19.0 12.0 
19.0 0.0 1.0 8.0 12.0 
20.0 20.0 0.0 23.0 3.0 
2.0 24.0 7.0 0.0 7.0 
6.0 1.0 4.0 20.0 0.0 
0.0 10.0 22.0 22.0 2.0 
5.0 0.0 24.0 16.0 24.0 
10.0 19.0 0.0 0.0 20.0 
16.0 9.0 3.0 0.0 16.0 
2.0 15.0 3.0 3.0 0.0 
0.0 20.0 22.0 8.0 13.0 
9.0 0.0 23.0 4.0 7.0 
21.0 20.0 0.0 9.0 9.0 
3.0 24.0 4.0 0.0 17.0 
5.0 8.0 20.0 18.0 0.0 
