0.0 9.0 23.0 5.0 13.0 
23.0 0.0 21.0 19.0 21.0 
11.0 6.0 0.0 0.0 9.0 
10.0 5.0 19.0 0.0 24.0 
20.0 18.0 10.0 3.0 0.0 
0.0 24.0 23.0 23.0 9.0 
19.0 0.0 8.0 9.0 4.0 
11.0 10.0 0.0 22.0 16.0 
7.0 18.0 0.0 0.0 2.0 
6.0 12.0 20.0 20.0 0.0 
0.0 19.0 13.0 13.0 9.0 
22.0 0.0 8.0 14.0 4.0 
15.0 2.0 0.0 21.0 18.0 
23.0 6.0 20.0 0.0 21.0 
24.0 23.0 11.0 12.0 0.0 
0.0 17.0 21.0 6.0 18.0 
11.0 0.0 23.0 17.0 8.0 
21.0 14.0 0.0 19.0 3.0 
11.0 23.0 20.0 0.0 23.0 
7.0 6.0 18.0 14.0 0.0 
0.0 17.0 2.0 15.0 4.0 
7.0 0.0 16.0 19.0 1.0 
14.0 11.0 0.0 21.0 18.0 
6.0 22.0 6.0 0.0 15.0 
0.0 22.0 19.0 4.0 0.0 
0.0 6.0 13.0 5.0 6.0 
3.0 0.0 19.0 8.0 2.0 
19.0 5.0 0.0 7.0 13.0 
22.0 16.0 23.0 0.0 12.0 
17.0 11.0 18.0 1.0 0.0 
0.0 5.0 4.0 6.0 2.0 
13.0 0.0 2.0 1.0 14.0 
23.0 3.0 0.0 20.0 5.0 
11.0 13.0 6.0 0.0 13.0 
22.0 7.0 5.0 23.0 0.0 
0.0 20.0 9.0 6.0 15.0 
18.0 0.0 18.0 9.0 20.0 
20.0 4.0 0.0 7.0 12.0 
1.0 24.0 21.0 0.0 8.0 
15.0 22.0 21.0 1.0 0.0 
0.0 18.0 19.0 7.0 7.0 
24.0 0.0 7.0 12.0 16.0 
13.0 0.0 0.0 6.0 17.0 
7.0 14.0 2.0 0.0 11.0 
8.0 6.0 22.0 13.0 0.0 
0.0 11.0 1.0 7.0 19.0 
23.0 0.0 10.0 12.0 2.0 
6.0 5.0 0.0 9.0 8.0 
5.0 16.0 6.0 0.0 2.0 
16.0 0.0 24.0 7.0 0.0 
0.0 3.0 1.0 19.0 10.0 
13.0 0.0 1.0 12.0 20.0 
13.0 17.0 0.0 0.0 3.0 
17.0 5.0 4.0 0.0 8.0 
9.0 22.0 16.0 1.0 0.0 
0.0 17.0 7.0 24.0 18.0 
23.0 0.0 18.0 24.0 18.0 
1.0 8.0 0.0 2.0 9.0 
5.0 1.0 23.0 0.0 19.0 
10.0 11.0 15.0 13.0 0.0 
