0.0 4.0 23.0 17.0 6.0 
2.0 0.0 20.0 12.0 4.0 
5.0 23.0 0.0 6.0 24.0 
16.0 22.0 10.0 0.0 13.0 
10.0 13.0 24.0 17.0 0.0 
0.0 0.0 16.0 9.0 14.0 
2.0 0.0 15.0 16.0 3.0 
11.0 3.0 0.0 22.0 19.0 
11.0 23.0 24.0 0.0 2.0 
12.0 24.0 0.0 3.0 0.0 
0.0 1.0 4.0 23.0 17.0 
10.0 0.0 18.0 12.0 3.0 
12.0 19.0 0.0 8.0 2.0 
16.0 0.0 10.0 0.0 18.0 
14.0 10.0 5.0 24.0 0.0 
0.0 15.0 9.0 11.0 12.0 
10.0 0.0 10.0 24.0 21.0 
20.0 18.0 0.0 20.0 1.0 
19.0 22.0 11.0 0.0 21.0 
5.0 3.0 7.0 9.0 0.0 
0.0 3.0 22.0 3.0 11.0 
16.0 0.0 21.0 16.0 14.0 
23.0 19.0 0.0 24.0 17.0 
7.0 8.0 23.0 0.0 18.0 
16.0 9.0 12.0 0.0 0.0 
0.0 9.0 24.0 17.0 0.0 
23.0 0.0 24.0 2.0 18.0 
21.0 23.0 0.0 6.0 13.0 
22.0 12.0 15.0 0.0 20.0 
22.0 13.0 19.0 3.0 0.0 
0.0 24.0 16.0 1.0 6.0 
8.0 0.0 22.0 13.0 19.0 
4.0 11.0 0.0 9.0 5.0 
20.0 7.0 6.0 0.0 7.0 
6.0 5.0 7.0 20.0 0.0 
0.0 0.0 7.0 6.0 23.0 
12.0 0.0 14.0 14.0 11.0 
20.0 14.0 0.0 4.0 3.0 
20.0 23.0 9.0 0.0 9.0 
9.0 14.0 13.0 21.0 0.0 
0.0 8.0 18.0 2.0 11.0 
10.0 0.0 10.0 14.0 14.0 
14.0 9.0 0.0 13.0 22.0 
16.0 8.0 4.0 0.0 23.0 
6.0 19.0 1.0 4.0 0.0 
0.0 8.0 16.0 11.0 9.0 
22.0 0.0 19.0 17.0 9.0 
4.0 9.0 0.0 16.0 13.0 
15.0 11.0 0.0 0.0 2.0 
24.0 22.0 5.0 3.0 0.0 
0.0 20.0 22.0 9.0 21.0 
24.0 0.0 15.0 13.0 13.0 
15.0 7.0 0.0 1.0 20.0 
7.0 20.0 8.0 0.0 11.0 
23.0 14.0 23.0 22.0 0.0 
0.0 24.0 13.0 19.0 9.0 
22.0 0.0 6.0 20.0 9.0 
24.0 1.0 0.0 24.0 0.0 
17.0 13.0 23.0 0.0 11.0 
16.0 12.0 9.0 6.0 0.0 
