0.0 4.0 14.0 22.0 13.0 
4.0 0.0 24.0 5.0 16.0 
19.0 7.0 0.0 12.0 10.0 
1.0 9.0 9.0 0.0 11.0 
9.0 16.0 21.0 4.0 0.0 
0.0 13.0 16.0 1.0 1.0 
13.0 0.0 17.0 15.0 11.0 
24.0 8.0 0.0 14.0 21.0 
12.0 17.0 24.0 0.0 18.0 
15.0 22.0 13.0 21.0 0.0 
0.0 10.0 24.0 19.0 16.0 
19.0 0.0 6.0 18.0 16.0 
10.0 12.0 0.0 18.0 21.0 
7.0 17.0 17.0 0.0 23.0 
0.0 18.0 17.0 0.0 0.0 
0.0 0.0 13.0 20.0 20.0 
19.0 0.0 11.0 7.0 1.0 
16.0 14.0 0.0 1.0 7.0 
3.0 4.0 23.0 0.0 9.0 
7.0 22.0 16.0 0.0 0.0 
0.0 17.0 2.0 22.0 14.0 
2.0 0.0 24.0 14.0 19.0 
20.0 24.0 0.0 23.0 22.0 
2.0 3.0 21.0 0.0 11.0 
8.0 16.0 3.0 11.0 0.0 
0.0 17.0 12.0 2.0 9.0 
8.0 0.0 3.0 3.0 5.0 
17.0 8.0 0.0 6.0 0.0 
15.0 18.0 23.0 0.0 11.0 
2.0 21.0 6.0 6.0 0.0 
0.0 18.0 1.0 15.0 12.0 
5.0 0.0 1.0 3.0 23.0 
10.0 8.0 0.0 22.0 21.0 
11.0 0.0 11.0 0.0 19.0 
17.0 18.0 15.0 15.0 0.0 
0.0 20.0 5.0 15.0 7.0 
2.0 0.0 5.0 9.0 17.0 
22.0 17.0 0.0 6.0 13.0 
18.0 18.0 20.0 0.0 16.0 
3.0 12.0 15.0 15.0 0.0 
0.0 1.0 10.0 9.0 5.0 
17.0 0.0 12.0 7.0 2.0 
18.0 20.0 0.0 24.0 14.0 
8.0 24.0 13.0 0.0 7.0 
24.0 13.0 23.0 2.0 0.0 
0.0 5.0 2.0 11.0 16.0 
24.0 0.0 2.0 3.0 9.0 
6.0 22.0 0.0 15.0 12.0 
5.0 5.0 21.0 0.0 7.0 
13.0 0.0 0.0 20.0 0.0 
0.0 16.0 0.0 8.0 5.0 
15.0 0.0 21.0 23.0 8.0 
8.0 9.0 0.0 8.0 4.0 
19.0 11.0 16.0 0.0 24.0 
21.0 18.0 4.0 12.0 0.0 
0.0 2.0 4.0 22.0 22.0 
14.0 0.0 16.0 2.0 2.0 
19.0 15.0 0.0 3.0 11.0 
2.0 7.0 5.0 0.0 8.0 
4.0 4.0 13.0 5.0 0.0 
