0.0 5.0 19.0 22.0 9.0 
3.0 0.0 22.0 4.0 24.0 
21.0 22.0 0.0 20.0 15.0 
4.0 11.0 5.0 0.0 5.0 
9.0 8.0 9.0 6.0 0.0 
0.0 0.0 24.0 4.0 11.0 
22.0 0.0 3.0 9.0 8.0 
13.0 7.0 0.0 6.0 1.0 
19.0 0.0 16.0 0.0 21.0 
12.0 3.0 5.0 12.0 0.0 
0.0 20.0 6.0 9.0 0.0 
19.0 0.0 13.0 2.0 3.0 
3.0 13.0 0.0 0.0 2.0 
8.0 10.0 0.0 0.0 21.0 
6.0 10.0 24.0 15.0 0.0 
0.0 21.0 14.0 13.0 0.0 
18.0 0.0 10.0 15.0 3.0 
2.0 12.0 0.0 13.0 17.0 
23.0 24.0 6.0 0.0 17.0 
3.0 8.0 6.0 5.0 0.0 
0.0 2.0 16.0 21.0 16.0 
20.0 0.0 21.0 12.0 10.0 
12.0 3.0 0.0 7.0 22.0 
17.0 3.0 21.0 0.0 14.0 
5.0 15.0 8.0 12.0 0.0 
0.0 17.0 14.0 20.0 23.0 
5.0 0.0 3.0 10.0 20.0 
15.0 21.0 0.0 11.0 17.0 
24.0 24.0 2.0 0.0 23.0 
13.0 13.0 14.0 11.0 0.0 
0.0 2.0 14.0 20.0 0.0 
3.0 0.0 3.0 8.0 19.0 
11.0 19.0 0.0 2.0 22.0 
8.0 16.0 7.0 0.0 17.0 
23.0 11.0 24.0 2.0 0.0 
0.0 24.0 13.0 14.0 9.0 
13.0 0.0 6.0 7.0 5.0 
24.0 17.0 0.0 23.0 18.0 
24.0 12.0 15.0 0.0 12.0 
14.0 7.0 16.0 11.0 0.0 
0.0 11.0 2.0 17.0 0.0 
1.0 0.0 17.0 8.0 3.0 
16.0 1.0 0.0 14.0 15.0 
13.0 19.0 5.0 0.0 3.0 
6.0 22.0 13.0 7.0 0.0 
0.0 20.0 24.0 24.0 7.0 
2.0 0.0 7.0 23.0 5.0 
11.0 1.0 0.0 19.0 10.0 
20.0 20.0 7.0 0.0 15.0 
7.0 15.0 16.0 18.0 0.0 
0.0 9.0 15.0 9.0 3.0 
23.0 0.0 23.0 7.0 9.0 
5.0 13.0 0.0 24.0 5.0 
5.0 24.0 11.0 0.0 2.0 
17.0 10.0 3.0 7.0 0.0 
0.0 18.0 3.0 6.0 6.0 
14.0 0.0 6.0 24.0 4.0 
14.0 20.0 0.0 15.0 16.0 
14.0 5.0 22.0 0.0 2.0 
22.0 6.0 10.0 6.0 0.0 
