0.0 10.0 16.0 19.0 12.0 
8.0 0.0 5.0 2.0 4.0 
10.0 1.0 0.0 6.0 1.0 
24.0 23.0 6.0 0.0 18.0 
20.0 12.0 23.0 21.0 0.0 
0.0 3.0 10.0 15.0 6.0 
18.0 0.0 5.0 21.0 15.0 
16.0 1.0 0.0 23.0 16.0 
2.0 22.0 16.0 0.0 16.0 
1.0 13.0 11.0 19.0 0.0 
0.0 4.0 21.0 16.0 13.0 
3.0 0.0 9.0 24.0 15.0 
4.0 2.0 0.0 10.0 13.0 
20.0 14.0 3.0 0.0 7.0 
20.0 23.0 3.0 7.0 0.0 
0.0 0.0 22.0 24.0 10.0 
6.0 0.0 3.0 12.0 21.0 
18.0 20.0 0.0 22.0 1.0 
9.0 3.0 16.0 0.0 11.0 
6.0 10.0 10.0 3.0 0.0 
0.0 20.0 17.0 6.0 10.0 
24.0 0.0 17.0 6.0 20.0 
20.0 19.0 0.0 13.0 11.0 
0.0 6.0 1.0 0.0 22.0 
3.0 22.0 14.0 16.0 0.0 
0.0 5.0 2.0 10.0 21.0 
20.0 0.0 15.0 20.0 17.0 
11.0 5.0 0.0 11.0 22.0 
5.0 10.0 9.0 0.0 19.0 
12.0 6.0 1.0 21.0 0.0 
0.0 14.0 1.0 10.0 22.0 
24.0 0.0 3.0 22.0 10.0 
20.0 23.0 0.0 18.0 9.0 
21.0 5.0 12.0 0.0 20.0 
1.0 16.0 21.0 19.0 0.0 
0.0 16.0 18.0 21.0 24.0 
2.0 0.0 16.0 7.0 2.0 
13.0 2.0 0.0 0.0 23.0 
13.0 4.0 0.0 0.0 5.0 
13.0 5.0 1.0 22.0 0.0 
0.0 5.0 10.0 1.0 17.0 
22.0 0.0 3.0 17.0 3.0 
12.0 0.0 0.0 2.0 5.0 
4.0 17.0 14.0 0.0 5.0 
14.0 20.0 21.0 9.0 0.0 
0.0 20.0 24.0 16.0 7.0 
21.0 0.0 6.0 18.0 2.0 
11.0 23.0 0.0 8.0 22.0 
1.0 22.0 18.0 0.0 3.0 
16.0 0.0 22.0 4.0 0.0 
0.0 18.0 7.0 6.0 0.0 
8.0 0.0 23.0 5.0 2.0 
1.0 9.0 0.0 3.0 3.0 
4.0 0.0 7.0 0.0 23.0 
5.0 8.0 5.0 16.0 0.0 
0.0 22.0 22.0 23.0 8.0 
1.0 0.0 0.0 0.0 10.0 
2.0 3.0 0.0 20.0 7.0 
1.0 4.0 8.0 0.0 20.0 
23.0 6.0 9.0 8.0 0.0 
