0.0 5.0 1.0 5.0 13.0 
13.0 0.0 2.0 14.0 3.0 
19.0 22.0 0.0 17.0 9.0 
21.0 1.0 12.0 0.0 12.0 
18.0 1.0 21.0 23.0 0.0 
0.0 4.0 9.0 18.0 19.0 
19.0 0.0 8.0 4.0 14.0 
15.0 18.0 0.0 9.0 5.0 
6.0 17.0 24.0 0.0 6.0 
24.0 18.0 6.0 3.0 0.0 
0.0 7.0 6.0 6.0 18.0 
19.0 0.0 5.0 3.0 23.0 
22.0 6.0 0.0 21.0 18.0 
6.0 4.0 5.0 0.0 2.0 
9.0 8.0 13.0 11.0 0.0 
0.0 1.0 22.0 3.0 22.0 
18.0 0.0 7.0 4.0 12.0 
21.0 17.0 0.0 17.0 21.0 
23.0 7.0 3.0 0.0 16.0 
10.0 14.0 9.0 12.0 0.0 
0.0 21.0 21.0 22.0 3.0 
16.0 0.0 19.0 17.0 8.0 
4.0 5.0 0.0 9.0 9.0 
8.0 20.0 11.0 0.0 15.0 
23.0 20.0 14.0 11.0 0.0 
0.0 17.0 0.0 13.0 4.0 
6.0 0.0 15.0 6.0 6.0 
14.0 13.0 0.0 6.0 5.0 
20.0 23.0 24.0 0.0 23.0 
5.0 24.0 11.0 11.0 0.0 
0.0 24.0 1.0 4.0 2.0 
6.0 0.0 1.0 19.0 7.0 
8.0 24.0 0.0 24.0 14.0 
1.0 5.0 15.0 0.0 12.0 
5.0 18.0 8.0 21.0 0.0 
0.0 7.0 12.0 23.0 9.0 
8.0 0.0 10.0 20.0 9.0 
17.0 3.0 0.0 19.0 20.0 
13.0 13.0 13.0 0.0 9.0 
7.0 16.0 18.0 10.0 0.0 
0.0 7.0 12.0 18.0 24.0 
11.0 0.0 17.0 18.0 17.0 
7.0 19.0 0.0 8.0 19.0 
11.0 4.0 7.0 0.0 2.0 
24.0 22.0 0.0 5.0 0.0 
0.0 14.0 13.0 24.0 13.0 
10.0 0.0 24.0 6.0 24.0 
17.0 14.0 0.0 8.0 10.0 
23.0 5.0 5.0 0.0 14.0 
0.0 8.0 6.0 16.0 0.0 
0.0 21.0 9.0 16.0 10.0 
9.0 0.0 7.0 11.0 20.0 
19.0 2.0 0.0 24.0 8.0 
3.0 7.0 6.0 0.0 14.0 
9.0 7.0 24.0 8.0 0.0 
0.0 4.0 10.0 14.0 14.0 
17.0 0.0 10.0 12.0 0.0 
5.0 0.0 0.0 14.0 20.0 
19.0 6.0 9.0 0.0 23.0 
11.0 9.0 10.0 23.0 0.0 
