0.0 0.0 21.0 21.0 22.0 
21.0 0.0 3.0 11.0 5.0 
2.0 11.0 0.0 17.0 19.0 
6.0 2.0 0.0 0.0 20.0 
18.0 16.0 12.0 23.0 0.0 
0.0 17.0 6.0 8.0 17.0 
17.0 0.0 14.0 2.0 22.0 
0.0 2.0 0.0 10.0 11.0 
17.0 4.0 16.0 0.0 11.0 
18.0 19.0 15.0 15.0 0.0 
0.0 2.0 9.0 15.0 15.0 
12.0 0.0 1.0 2.0 15.0 
23.0 19.0 0.0 14.0 17.0 
9.0 3.0 9.0 0.0 14.0 
11.0 7.0 2.0 17.0 0.0 
0.0 1.0 0.0 15.0 16.0 
21.0 0.0 9.0 21.0 11.0 
13.0 12.0 0.0 10.0 17.0 
1.0 23.0 7.0 0.0 14.0 
22.0 4.0 7.0 1.0 0.0 
0.0 12.0 20.0 13.0 22.0 
6.0 0.0 11.0 15.0 21.0 
18.0 1.0 0.0 11.0 11.0 
14.0 17.0 16.0 0.0 23.0 
21.0 20.0 9.0 5.0 0.0 
0.0 19.0 0.0 3.0 19.0 
15.0 0.0 2.0 3.0 17.0 
16.0 0.0 0.0 15.0 15.0 
21.0 20.0 24.0 0.0 1.0 
10.0 21.0 11.0 19.0 0.0 
0.0 21.0 20.0 22.0 22.0 
24.0 0.0 3.0 4.0 11.0 
7.0 1.0 0.0 21.0 2.0 
11.0 16.0 21.0 0.0 16.0 
6.0 7.0 8.0 7.0 0.0 
0.0 8.0 11.0 6.0 1.0 
21.0 0.0 24.0 23.0 20.0 
24.0 12.0 0.0 15.0 7.0 
8.0 21.0 18.0 0.0 22.0 
0.0 0.0 8.0 2.0 0.0 
0.0 3.0 6.0 2.0 1.0 
0.0 0.0 16.0 15.0 10.0 
3.0 16.0 0.0 2.0 5.0 
15.0 7.0 15.0 0.0 5.0 
0.0 19.0 19.0 18.0 0.0 
0.0 0.0 24.0 9.0 0.0 
6.0 0.0 5.0 12.0 16.0 
10.0 1.0 0.0 12.0 17.0 
7.0 20.0 1.0 0.0 3.0 
0.0 0.0 14.0 0.0 0.0 
0.0 9.0 15.0 19.0 9.0 
0.0 0.0 4.0 21.0 22.0 
23.0 3.0 0.0 3.0 19.0 
9.0 9.0 6.0 0.0 13.0 
17.0 2.0 18.0 15.0 0.0 
0.0 12.0 4.0 7.0 4.0 
9.0 0.0 10.0 15.0 4.0 
9.0 24.0 0.0 21.0 7.0 
2.0 15.0 20.0 0.0 21.0 
16.0 24.0 19.0 19.0 0.0 
