0.0 2.0 12.0 21.0 8.0 
9.0 0.0 10.0 23.0 17.0 
1.0 22.0 0.0 8.0 16.0 
23.0 4.0 3.0 0.0 7.0 
22.0 24.0 17.0 6.0 0.0 
0.0 12.0 1.0 23.0 8.0 
7.0 0.0 15.0 19.0 7.0 
23.0 18.0 0.0 16.0 5.0 
3.0 3.0 12.0 0.0 14.0 
5.0 5.0 14.0 1.0 0.0 
0.0 4.0 21.0 7.0 19.0 
17.0 0.0 4.0 22.0 4.0 
2.0 5.0 0.0 5.0 4.0 
13.0 12.0 5.0 0.0 7.0 
18.0 0.0 4.0 1.0 0.0 
0.0 16.0 0.0 9.0 11.0 
5.0 0.0 4.0 24.0 19.0 
13.0 15.0 0.0 12.0 0.0 
4.0 16.0 1.0 0.0 23.0 
15.0 0.0 3.0 4.0 0.0 
0.0 17.0 18.0 17.0 10.0 
10.0 0.0 5.0 20.0 4.0 
23.0 10.0 0.0 24.0 15.0 
14.0 21.0 14.0 0.0 13.0 
20.0 17.0 15.0 15.0 0.0 
0.0 13.0 16.0 5.0 1.0 
23.0 0.0 19.0 20.0 5.0 
11.0 14.0 0.0 23.0 16.0 
5.0 14.0 4.0 0.0 4.0 
24.0 9.0 2.0 14.0 0.0 
0.0 13.0 8.0 17.0 6.0 
1.0 0.0 20.0 11.0 14.0 
22.0 23.0 0.0 6.0 7.0 
14.0 13.0 23.0 0.0 13.0 
16.0 8.0 2.0 11.0 0.0 
0.0 4.0 23.0 2.0 1.0 
12.0 0.0 10.0 16.0 19.0 
4.0 21.0 0.0 9.0 9.0 
9.0 13.0 20.0 0.0 20.0 
2.0 19.0 4.0 17.0 0.0 
0.0 7.0 9.0 24.0 20.0 
0.0 0.0 21.0 16.0 23.0 
3.0 20.0 0.0 3.0 4.0 
8.0 4.0 10.0 0.0 13.0 
2.0 19.0 3.0 0.0 0.0 
0.0 17.0 18.0 11.0 4.0 
12.0 0.0 16.0 12.0 5.0 
19.0 18.0 0.0 18.0 13.0 
22.0 19.0 18.0 0.0 13.0 
20.0 14.0 22.0 12.0 0.0 
0.0 11.0 18.0 13.0 1.0 
14.0 0.0 7.0 3.0 8.0 
24.0 12.0 0.0 16.0 2.0 
10.0 22.0 17.0 0.0 20.0 
3.0 14.0 6.0 6.0 0.0 
0.0 2.0 1.0 0.0 24.0 
1.0 0.0 24.0 11.0 23.0 
13.0 1.0 0.0 13.0 12.0 
23.0 6.0 21.0 0.0 9.0 
13.0 11.0 21.0 1.0 0.0 
