0.0 4.0 2.0 9.0 3.0 
20.0 0.0 4.0 4.0 19.0 
2.0 2.0 0.0 6.0 0.0 
15.0 2.0 13.0 0.0 4.0 
12.0 8.0 23.0 17.0 0.0 
0.0 19.0 22.0 4.0 16.0 
0.0 0.0 15.0 2.0 14.0 
21.0 9.0 0.0 10.0 0.0 
8.0 17.0 23.0 0.0 19.0 
23.0 4.0 15.0 18.0 0.0 
0.0 1.0 10.0 24.0 23.0 
18.0 0.0 5.0 2.0 17.0 
5.0 17.0 0.0 2.0 8.0 
11.0 1.0 5.0 0.0 3.0 
18.0 15.0 23.0 13.0 0.0 
0.0 17.0 0.0 15.0 18.0 
14.0 0.0 22.0 6.0 10.0 
17.0 14.0 0.0 5.0 12.0 
4.0 3.0 15.0 0.0 19.0 
14.0 18.0 10.0 10.0 0.0 
0.0 8.0 13.0 17.0 7.0 
3.0 0.0 21.0 14.0 12.0 
13.0 2.0 0.0 13.0 9.0 
22.0 21.0 0.0 0.0 3.0 
13.0 7.0 18.0 9.0 0.0 
0.0 10.0 20.0 9.0 13.0 
15.0 0.0 23.0 2.0 1.0 
16.0 20.0 0.0 6.0 23.0 
2.0 1.0 0.0 0.0 17.0 
6.0 12.0 20.0 0.0 0.0 
0.0 7.0 2.0 21.0 19.0 
23.0 0.0 2.0 24.0 12.0 
3.0 17.0 0.0 20.0 24.0 
5.0 24.0 1.0 0.0 19.0 
22.0 4.0 3.0 1.0 0.0 
0.0 9.0 1.0 7.0 4.0 
12.0 0.0 18.0 1.0 24.0 
5.0 5.0 0.0 23.0 0.0 
16.0 16.0 13.0 0.0 15.0 
9.0 16.0 15.0 24.0 0.0 
0.0 24.0 12.0 21.0 7.0 
18.0 0.0 16.0 15.0 19.0 
10.0 24.0 0.0 12.0 3.0 
10.0 6.0 13.0 0.0 17.0 
16.0 20.0 15.0 18.0 0.0 
0.0 10.0 1.0 23.0 24.0 
17.0 0.0 22.0 23.0 18.0 
22.0 17.0 0.0 7.0 9.0 
11.0 9.0 10.0 0.0 2.0 
13.0 18.0 6.0 19.0 0.0 
0.0 14.0 12.0 18.0 8.0 
24.0 0.0 2.0 18.0 17.0 
6.0 7.0 0.0 9.0 24.0 
5.0 14.0 19.0 0.0 22.0 
20.0 1.0 14.0 15.0 0.0 
0.0 15.0 4.0 3.0 2.0 
0.0 0.0 11.0 21.0 22.0 
21.0 15.0 0.0 1.0 8.0 
8.0 4.0 22.0 0.0 9.0 
13.0 13.0 12.0 6.0 0.0 
