0.0 8.0 1.0 14.0 7.0 
17.0 0.0 10.0 17.0 7.0 
24.0 23.0 0.0 13.0 7.0 
1.0 11.0 14.0 0.0 16.0 
18.0 1.0 2.0 15.0 0.0 
0.0 14.0 23.0 11.0 18.0 
2.0 0.0 16.0 18.0 12.0 
19.0 19.0 0.0 8.0 3.0 
14.0 20.0 0.0 0.0 19.0 
1.0 1.0 20.0 2.0 0.0 
0.0 22.0 22.0 11.0 15.0 
19.0 0.0 22.0 10.0 23.0 
13.0 23.0 0.0 17.0 20.0 
23.0 2.0 16.0 0.0 23.0 
10.0 20.0 8.0 3.0 0.0 
0.0 13.0 17.0 21.0 14.0 
10.0 0.0 10.0 18.0 7.0 
7.0 22.0 0.0 20.0 0.0 
1.0 1.0 7.0 0.0 14.0 
0.0 14.0 19.0 10.0 0.0 
0.0 1.0 16.0 1.0 3.0 
14.0 0.0 11.0 3.0 9.0 
4.0 5.0 0.0 4.0 5.0 
20.0 17.0 5.0 0.0 10.0 
19.0 8.0 14.0 10.0 0.0 
0.0 12.0 18.0 3.0 11.0 
6.0 0.0 6.0 8.0 5.0 
5.0 9.0 0.0 22.0 11.0 
20.0 19.0 11.0 0.0 7.0 
10.0 14.0 0.0 8.0 0.0 
0.0 21.0 24.0 5.0 21.0 
4.0 0.0 19.0 7.0 0.0 
7.0 8.0 0.0 19.0 14.0 
5.0 6.0 20.0 0.0 2.0 
8.0 1.0 9.0 17.0 0.0 
0.0 12.0 20.0 20.0 10.0 
18.0 0.0 10.0 15.0 20.0 
24.0 6.0 0.0 19.0 14.0 
24.0 6.0 20.0 0.0 12.0 
14.0 8.0 9.0 10.0 0.0 
0.0 9.0 2.0 18.0 7.0 
19.0 0.0 18.0 8.0 17.0 
9.0 21.0 0.0 2.0 24.0 
4.0 7.0 16.0 0.0 23.0 
20.0 23.0 8.0 5.0 0.0 
0.0 19.0 0.0 18.0 4.0 
11.0 0.0 4.0 3.0 1.0 
17.0 1.0 0.0 16.0 11.0 
13.0 2.0 22.0 0.0 1.0 
2.0 18.0 3.0 6.0 0.0 
0.0 10.0 21.0 8.0 12.0 
7.0 0.0 0.0 20.0 2.0 
9.0 8.0 0.0 12.0 13.0 
4.0 15.0 10.0 0.0 14.0 
13.0 24.0 7.0 3.0 0.0 
0.0 24.0 22.0 17.0 3.0 
17.0 0.0 2.0 3.0 1.0 
7.0 20.0 0.0 24.0 18.0 
19.0 16.0 10.0 0.0 16.0 
20.0 1.0 4.0 3.0 0.0 
