0.0 16.0 18.0 21.0 19.0 
4.0 0.0 7.0 23.0 15.0 
0.0 2.0 0.0 2.0 12.0 
2.0 12.0 10.0 0.0 3.0 
24.0 7.0 17.0 11.0 0.0 
0.0 8.0 0.0 17.0 10.0 
9.0 0.0 16.0 13.0 4.0 
17.0 10.0 0.0 16.0 2.0 
16.0 2.0 10.0 0.0 20.0 
7.0 7.0 11.0 20.0 0.0 
0.0 0.0 22.0 22.0 23.0 
15.0 0.0 18.0 24.0 9.0 
14.0 10.0 0.0 7.0 3.0 
13.0 17.0 5.0 0.0 21.0 
15.0 10.0 19.0 3.0 0.0 
0.0 10.0 13.0 11.0 8.0 
4.0 0.0 2.0 18.0 18.0 
11.0 20.0 0.0 0.0 0.0 
13.0 1.0 12.0 0.0 7.0 
6.0 5.0 5.0 12.0 0.0 
0.0 16.0 7.0 13.0 21.0 
1.0 0.0 5.0 21.0 1.0 
17.0 19.0 0.0 23.0 4.0 
4.0 20.0 10.0 0.0 0.0 
6.0 14.0 22.0 23.0 0.0 
0.0 23.0 23.0 18.0 2.0 
1.0 0.0 15.0 0.0 9.0 
1.0 2.0 0.0 11.0 1.0 
10.0 22.0 19.0 0.0 2.0 
22.0 17.0 18.0 22.0 0.0 
0.0 24.0 15.0 23.0 0.0 
21.0 0.0 15.0 15.0 10.0 
12.0 4.0 0.0 12.0 5.0 
15.0 10.0 20.0 0.0 0.0 
15.0 10.0 11.0 0.0 0.0 
0.0 4.0 2.0 13.0 9.0 
4.0 0.0 5.0 12.0 22.0 
24.0 2.0 0.0 2.0 2.0 
18.0 23.0 15.0 0.0 10.0 
8.0 14.0 11.0 20.0 0.0 
0.0 0.0 10.0 10.0 0.0 
11.0 0.0 15.0 4.0 9.0 
5.0 2.0 0.0 22.0 21.0 
21.0 22.0 13.0 0.0 0.0 
14.0 20.0 22.0 23.0 0.0 
0.0 23.0 14.0 6.0 0.0 
1.0 0.0 20.0 8.0 9.0 
6.0 15.0 0.0 21.0 0.0 
1.0 15.0 6.0 0.0 2.0 
10.0 2.0 16.0 5.0 0.0 
0.0 9.0 7.0 11.0 21.0 
5.0 0.0 1.0 21.0 2.0 
8.0 7.0 0.0 20.0 10.0 
16.0 4.0 18.0 0.0 16.0 
6.0 11.0 6.0 2.0 0.0 
0.0 11.0 14.0 12.0 21.0 
23.0 0.0 16.0 4.0 16.0 
7.0 20.0 0.0 21.0 15.0 
8.0 19.0 3.0 0.0 15.0 
7.0 17.0 22.0 12.0 0.0 
