0.0 11.0 17.0 1.0 15.0 
23.0 0.0 11.0 17.0 13.0 
1.0 18.0 0.0 8.0 19.0 
14.0 13.0 11.0 0.0 22.0 
24.0 18.0 14.0 8.0 0.0 
0.0 23.0 21.0 12.0 10.0 
14.0 0.0 7.0 3.0 23.0 
24.0 20.0 0.0 22.0 13.0 
22.0 17.0 0.0 0.0 5.0 
20.0 24.0 3.0 0.0 0.0 
0.0 7.0 10.0 7.0 22.0 
12.0 0.0 17.0 17.0 14.0 
8.0 23.0 0.0 11.0 8.0 
21.0 4.0 10.0 0.0 6.0 
2.0 2.0 13.0 17.0 0.0 
0.0 16.0 21.0 2.0 15.0 
11.0 0.0 20.0 24.0 13.0 
24.0 13.0 0.0 22.0 9.0 
1.0 9.0 10.0 0.0 2.0 
10.0 17.0 23.0 15.0 0.0 
0.0 19.0 6.0 15.0 15.0 
9.0 0.0 11.0 14.0 6.0 
1.0 2.0 0.0 6.0 9.0 
15.0 20.0 9.0 0.0 0.0 
0.0 18.0 23.0 21.0 0.0 
0.0 22.0 10.0 7.0 11.0 
7.0 0.0 10.0 19.0 21.0 
5.0 18.0 0.0 6.0 17.0 
11.0 18.0 23.0 0.0 13.0 
1.0 17.0 17.0 4.0 0.0 
0.0 4.0 0.0 4.0 13.0 
20.0 0.0 4.0 8.0 23.0 
16.0 10.0 0.0 11.0 17.0 
0.0 17.0 11.0 0.0 3.0 
22.0 21.0 17.0 21.0 0.0 
0.0 3.0 17.0 9.0 24.0 
11.0 0.0 1.0 15.0 8.0 
13.0 17.0 0.0 2.0 19.0 
22.0 3.0 10.0 0.0 12.0 
21.0 10.0 9.0 14.0 0.0 
0.0 6.0 24.0 18.0 11.0 
11.0 0.0 22.0 22.0 0.0 
12.0 14.0 0.0 8.0 11.0 
3.0 5.0 11.0 0.0 23.0 
4.0 0.0 6.0 20.0 0.0 
0.0 1.0 2.0 3.0 9.0 
10.0 0.0 16.0 11.0 24.0 
1.0 16.0 0.0 5.0 3.0 
5.0 20.0 16.0 0.0 4.0 
0.0 0.0 2.0 10.0 0.0 
0.0 22.0 10.0 16.0 21.0 
5.0 0.0 22.0 21.0 8.0 
6.0 23.0 0.0 9.0 4.0 
7.0 23.0 14.0 0.0 4.0 
5.0 20.0 1.0 17.0 0.0 
0.0 9.0 1.0 10.0 9.0 
13.0 0.0 7.0 1.0 4.0 
8.0 8.0 0.0 12.0 22.0 
8.0 4.0 2.0 0.0 5.0 
6.0 15.0 24.0 14.0 0.0 
