0.0 3.0 17.0 0.0 15.0 
14.0 0.0 20.0 18.0 17.0 
20.0 8.0 0.0 17.0 10.0 
24.0 8.0 1.0 0.0 19.0 
12.0 16.0 8.0 20.0 0.0 
0.0 20.0 7.0 16.0 2.0 
19.0 0.0 9.0 7.0 16.0 
2.0 15.0 0.0 15.0 0.0 
3.0 14.0 20.0 0.0 18.0 
13.0 15.0 24.0 14.0 0.0 
0.0 20.0 15.0 23.0 7.0 
15.0 0.0 13.0 24.0 3.0 
20.0 3.0 0.0 9.0 9.0 
18.0 4.0 21.0 0.0 13.0 
21.0 0.0 15.0 4.0 0.0 
0.0 3.0 20.0 24.0 17.0 
5.0 0.0 1.0 13.0 14.0 
0.0 12.0 0.0 2.0 12.0 
18.0 7.0 21.0 0.0 20.0 
13.0 2.0 0.0 3.0 0.0 
0.0 8.0 2.0 14.0 20.0 
12.0 0.0 7.0 21.0 10.0 
5.0 19.0 0.0 15.0 11.0 
22.0 18.0 19.0 0.0 16.0 
21.0 11.0 1.0 13.0 0.0 
0.0 11.0 18.0 18.0 7.0 
22.0 0.0 11.0 13.0 14.0 
24.0 24.0 0.0 4.0 0.0 
24.0 13.0 20.0 0.0 1.0 
8.0 22.0 3.0 8.0 0.0 
0.0 4.0 6.0 18.0 0.0 
0.0 0.0 23.0 21.0 2.0 
18.0 8.0 0.0 11.0 6.0 
15.0 10.0 11.0 0.0 17.0 
8.0 17.0 16.0 3.0 0.0 
0.0 1.0 16.0 0.0 24.0 
4.0 0.0 4.0 1.0 17.0 
8.0 6.0 0.0 22.0 7.0 
5.0 15.0 2.0 0.0 1.0 
20.0 2.0 15.0 5.0 0.0 
0.0 17.0 9.0 10.0 6.0 
3.0 0.0 4.0 18.0 24.0 
1.0 15.0 0.0 23.0 3.0 
7.0 16.0 2.0 0.0 17.0 
21.0 10.0 21.0 7.0 0.0 
0.0 12.0 20.0 21.0 17.0 
14.0 0.0 0.0 19.0 21.0 
13.0 11.0 0.0 24.0 13.0 
5.0 17.0 8.0 0.0 24.0 
22.0 9.0 2.0 17.0 0.0 
0.0 1.0 21.0 12.0 5.0 
2.0 0.0 9.0 1.0 12.0 
3.0 2.0 0.0 24.0 8.0 
8.0 24.0 20.0 0.0 5.0 
21.0 1.0 22.0 11.0 0.0 
0.0 13.0 22.0 4.0 15.0 
8.0 0.0 22.0 22.0 5.0 
10.0 3.0 0.0 9.0 6.0 
9.0 19.0 12.0 0.0 8.0 
1.0 10.0 21.0 5.0 0.0 
