0.0 11.0 22.0 2.0 20.0 
4.0 0.0 1.0 4.0 9.0 
24.0 14.0 0.0 6.0 8.0 
24.0 18.0 14.0 0.0 7.0 
9.0 6.0 9.0 10.0 0.0 
0.0 12.0 8.0 6.0 9.0 
21.0 0.0 21.0 11.0 24.0 
15.0 6.0 0.0 6.0 3.0 
1.0 3.0 9.0 0.0 12.0 
7.0 10.0 8.0 19.0 0.0 
0.0 0.0 5.0 5.0 0.0 
1.0 0.0 7.0 24.0 1.0 
22.0 7.0 0.0 0.0 2.0 
16.0 7.0 18.0 0.0 0.0 
20.0 14.0 15.0 1.0 0.0 
0.0 15.0 8.0 2.0 0.0 
14.0 0.0 3.0 15.0 11.0 
12.0 22.0 0.0 14.0 2.0 
15.0 3.0 10.0 0.0 18.0 
3.0 2.0 23.0 19.0 0.0 
0.0 20.0 15.0 15.0 24.0 
8.0 0.0 14.0 0.0 23.0 
7.0 2.0 0.0 0.0 20.0 
20.0 9.0 23.0 0.0 12.0 
10.0 11.0 21.0 16.0 0.0 
0.0 15.0 18.0 9.0 5.0 
18.0 0.0 13.0 17.0 0.0 
24.0 5.0 0.0 1.0 9.0 
7.0 24.0 9.0 0.0 2.0 
0.0 14.0 4.0 15.0 0.0 
0.0 0.0 22.0 11.0 6.0 
8.0 0.0 24.0 10.0 20.0 
0.0 13.0 0.0 4.0 18.0 
18.0 21.0 5.0 0.0 17.0 
18.0 0.0 23.0 15.0 0.0 
0.0 2.0 15.0 15.0 3.0 
5.0 0.0 18.0 14.0 10.0 
18.0 19.0 0.0 15.0 8.0 
5.0 11.0 22.0 0.0 9.0 
17.0 18.0 24.0 15.0 0.0 
0.0 23.0 8.0 9.0 21.0 
0.0 0.0 7.0 19.0 20.0 
9.0 12.0 0.0 7.0 6.0 
10.0 18.0 13.0 0.0 10.0 
24.0 20.0 14.0 12.0 0.0 
0.0 8.0 9.0 22.0 10.0 
4.0 0.0 3.0 12.0 16.0 
9.0 22.0 0.0 9.0 15.0 
15.0 8.0 17.0 0.0 20.0 
7.0 21.0 22.0 15.0 0.0 
0.0 2.0 20.0 8.0 1.0 
15.0 0.0 16.0 11.0 18.0 
6.0 0.0 0.0 12.0 15.0 
7.0 3.0 9.0 0.0 7.0 
23.0 1.0 2.0 10.0 0.0 
0.0 17.0 8.0 19.0 6.0 
16.0 0.0 1.0 5.0 21.0 
18.0 11.0 0.0 24.0 23.0 
14.0 15.0 20.0 0.0 6.0 
3.0 5.0 8.0 21.0 0.0 
