0.0 24.0 11.0 5.0 14.0 
23.0 0.0 19.0 22.0 19.0 
24.0 15.0 0.0 0.0 8.0 
23.0 2.0 5.0 0.0 15.0 
0.0 3.0 8.0 9.0 0.0 
0.0 16.0 8.0 6.0 12.0 
16.0 0.0 10.0 19.0 21.0 
18.0 23.0 0.0 5.0 0.0 
4.0 4.0 22.0 0.0 8.0 
8.0 3.0 18.0 10.0 0.0 
0.0 12.0 24.0 17.0 8.0 
20.0 0.0 17.0 18.0 12.0 
3.0 21.0 0.0 15.0 13.0 
19.0 8.0 19.0 0.0 17.0 
1.0 24.0 18.0 13.0 0.0 
0.0 21.0 24.0 5.0 17.0 
1.0 0.0 1.0 16.0 15.0 
8.0 6.0 0.0 21.0 15.0 
5.0 8.0 1.0 0.0 11.0 
9.0 6.0 8.0 7.0 0.0 
0.0 3.0 9.0 20.0 19.0 
22.0 0.0 4.0 21.0 4.0 
8.0 8.0 0.0 11.0 15.0 
19.0 16.0 14.0 0.0 23.0 
1.0 4.0 19.0 20.0 0.0 
0.0 1.0 18.0 21.0 7.0 
11.0 0.0 7.0 2.0 5.0 
17.0 4.0 0.0 20.0 7.0 
20.0 2.0 11.0 0.0 24.0 
8.0 20.0 2.0 23.0 0.0 
0.0 13.0 10.0 22.0 18.0 
8.0 0.0 16.0 1.0 0.0 
16.0 5.0 0.0 11.0 17.0 
18.0 6.0 23.0 0.0 17.0 
16.0 17.0 5.0 24.0 0.0 
0.0 15.0 11.0 19.0 17.0 
9.0 0.0 17.0 17.0 0.0 
9.0 0.0 0.0 10.0 7.0 
21.0 13.0 20.0 0.0 24.0 
13.0 5.0 1.0 15.0 0.0 
0.0 24.0 12.0 22.0 18.0 
14.0 0.0 14.0 11.0 21.0 
22.0 19.0 0.0 9.0 14.0 
12.0 18.0 7.0 0.0 5.0 
12.0 17.0 7.0 21.0 0.0 
0.0 7.0 3.0 10.0 1.0 
22.0 0.0 5.0 17.0 24.0 
3.0 23.0 0.0 8.0 24.0 
11.0 14.0 15.0 0.0 13.0 
13.0 12.0 2.0 11.0 0.0 
0.0 18.0 8.0 17.0 15.0 
5.0 0.0 24.0 4.0 14.0 
12.0 1.0 0.0 10.0 9.0 
20.0 20.0 10.0 0.0 12.0 
0.0 23.0 14.0 2.0 0.0 
0.0 15.0 7.0 9.0 20.0 
21.0 0.0 23.0 5.0 8.0 
22.0 9.0 0.0 11.0 23.0 
14.0 11.0 14.0 0.0 9.0 
10.0 12.0 18.0 3.0 0.0 
