0.0 3.0 7.0 15.0 11.0 
20.0 0.0 20.0 6.0 1.0 
21.0 4.0 0.0 19.0 21.0 
2.0 21.0 20.0 0.0 24.0 
20.0 18.0 14.0 20.0 0.0 
0.0 1.0 19.0 5.0 7.0 
11.0 0.0 6.0 6.0 20.0 
17.0 11.0 0.0 15.0 3.0 
24.0 24.0 20.0 0.0 21.0 
22.0 23.0 9.0 22.0 0.0 
0.0 5.0 15.0 17.0 13.0 
3.0 0.0 12.0 22.0 10.0 
8.0 21.0 0.0 7.0 16.0 
8.0 16.0 17.0 0.0 19.0 
8.0 4.0 21.0 18.0 0.0 
0.0 22.0 23.0 2.0 16.0 
12.0 0.0 5.0 0.0 19.0 
18.0 0.0 0.0 17.0 7.0 
15.0 21.0 19.0 0.0 15.0 
8.0 15.0 0.0 12.0 0.0 
0.0 3.0 3.0 22.0 12.0 
22.0 0.0 3.0 3.0 11.0 
13.0 1.0 0.0 5.0 10.0 
15.0 2.0 16.0 0.0 11.0 
15.0 10.0 5.0 13.0 0.0 
0.0 7.0 5.0 7.0 12.0 
5.0 0.0 15.0 23.0 16.0 
21.0 21.0 0.0 17.0 3.0 
3.0 5.0 13.0 0.0 4.0 
22.0 2.0 8.0 10.0 0.0 
0.0 3.0 21.0 0.0 21.0 
23.0 0.0 9.0 7.0 13.0 
8.0 14.0 0.0 9.0 10.0 
8.0 19.0 12.0 0.0 20.0 
24.0 6.0 2.0 5.0 0.0 
0.0 6.0 16.0 11.0 21.0 
9.0 0.0 15.0 3.0 13.0 
11.0 20.0 0.0 8.0 20.0 
14.0 11.0 11.0 0.0 4.0 
14.0 6.0 21.0 17.0 0.0 
0.0 14.0 20.0 20.0 9.0 
7.0 0.0 18.0 18.0 0.0 
8.0 17.0 0.0 1.0 23.0 
1.0 16.0 12.0 0.0 12.0 
19.0 13.0 1.0 23.0 0.0 
0.0 18.0 12.0 7.0 17.0 
19.0 0.0 17.0 15.0 3.0 
12.0 12.0 0.0 11.0 4.0 
23.0 3.0 24.0 0.0 24.0 
3.0 24.0 20.0 18.0 0.0 
0.0 5.0 3.0 16.0 18.0 
20.0 0.0 18.0 17.0 24.0 
9.0 0.0 0.0 16.0 17.0 
21.0 14.0 20.0 0.0 5.0 
15.0 19.0 20.0 20.0 0.0 
0.0 24.0 24.0 7.0 4.0 
24.0 0.0 23.0 8.0 11.0 
12.0 14.0 0.0 14.0 13.0 
3.0 17.0 9.0 0.0 10.0 
16.0 22.0 19.0 16.0 0.0 
