0.0 2.0 13.0 12.0 2.0 
21.0 0.0 8.0 2.0 11.0 
14.0 11.0 0.0 6.0 20.0 
22.0 10.0 19.0 0.0 4.0 
24.0 18.0 12.0 24.0 0.0 
0.0 11.0 6.0 13.0 22.0 
20.0 0.0 8.0 5.0 2.0 
24.0 23.0 0.0 2.0 2.0 
17.0 0.0 2.0 0.0 19.0 
16.0 18.0 11.0 11.0 0.0 
0.0 12.0 9.0 22.0 9.0 
18.0 0.0 11.0 1.0 18.0 
1.0 18.0 0.0 19.0 4.0 
9.0 18.0 0.0 0.0 7.0 
0.0 5.0 19.0 19.0 0.0 
0.0 12.0 10.0 0.0 6.0 
18.0 0.0 0.0 11.0 16.0 
8.0 4.0 0.0 1.0 5.0 
15.0 22.0 22.0 0.0 3.0 
11.0 17.0 24.0 19.0 0.0 
0.0 22.0 14.0 23.0 22.0 
18.0 0.0 20.0 10.0 1.0 
8.0 19.0 0.0 12.0 22.0 
8.0 11.0 15.0 0.0 13.0 
10.0 5.0 6.0 3.0 0.0 
0.0 0.0 15.0 10.0 9.0 
9.0 0.0 12.0 3.0 20.0 
17.0 14.0 0.0 13.0 1.0 
24.0 11.0 16.0 0.0 5.0 
8.0 3.0 1.0 11.0 0.0 
0.0 24.0 16.0 9.0 12.0 
15.0 0.0 14.0 24.0 24.0 
13.0 12.0 0.0 22.0 1.0 
3.0 15.0 2.0 0.0 6.0 
1.0 14.0 2.0 4.0 0.0 
0.0 18.0 18.0 23.0 19.0 
2.0 0.0 11.0 13.0 8.0 
12.0 17.0 0.0 3.0 19.0 
20.0 4.0 24.0 0.0 11.0 
19.0 14.0 23.0 6.0 0.0 
0.0 8.0 0.0 15.0 14.0 
21.0 0.0 7.0 14.0 14.0 
4.0 12.0 0.0 17.0 22.0 
8.0 20.0 20.0 0.0 3.0 
8.0 10.0 17.0 24.0 0.0 
0.0 14.0 22.0 15.0 21.0 
5.0 0.0 9.0 7.0 17.0 
22.0 1.0 0.0 23.0 21.0 
13.0 9.0 19.0 0.0 6.0 
0.0 3.0 22.0 13.0 0.0 
0.0 12.0 17.0 1.0 22.0 
23.0 0.0 0.0 14.0 4.0 
6.0 1.0 0.0 2.0 13.0 
0.0 17.0 23.0 0.0 6.0 
2.0 19.0 10.0 1.0 0.0 
0.0 3.0 8.0 4.0 13.0 
15.0 0.0 13.0 8.0 2.0 
11.0 17.0 0.0 21.0 7.0 
24.0 15.0 10.0 0.0 8.0 
13.0 14.0 16.0 5.0 0.0 
