0.0 11.0 17.0 7.0 9.0 
17.0 0.0 10.0 13.0 6.0 
20.0 18.0 0.0 20.0 3.0 
2.0 15.0 5.0 0.0 13.0 
13.0 10.0 24.0 20.0 0.0 
0.0 6.0 4.0 13.0 8.0 
15.0 0.0 16.0 17.0 21.0 
20.0 15.0 0.0 8.0 24.0 
0.0 19.0 20.0 0.0 2.0 
24.0 7.0 11.0 5.0 0.0 
0.0 17.0 1.0 5.0 24.0 
4.0 0.0 15.0 4.0 18.0 
14.0 12.0 0.0 9.0 16.0 
6.0 21.0 5.0 0.0 3.0 
6.0 4.0 6.0 16.0 0.0 
0.0 9.0 21.0 20.0 18.0 
11.0 0.0 3.0 22.0 13.0 
3.0 8.0 0.0 4.0 8.0 
6.0 21.0 10.0 0.0 17.0 
18.0 12.0 6.0 18.0 0.0 
0.0 18.0 22.0 9.0 18.0 
16.0 0.0 18.0 17.0 0.0 
15.0 21.0 0.0 3.0 3.0 
7.0 24.0 14.0 0.0 0.0 
24.0 9.0 12.0 14.0 0.0 
0.0 0.0 12.0 5.0 24.0 
17.0 0.0 7.0 12.0 15.0 
13.0 4.0 0.0 9.0 4.0 
6.0 0.0 1.0 0.0 1.0 
9.0 23.0 24.0 19.0 0.0 
0.0 10.0 19.0 4.0 6.0 
14.0 0.0 1.0 10.0 1.0 
9.0 0.0 0.0 23.0 9.0 
23.0 17.0 11.0 0.0 18.0 
13.0 19.0 4.0 9.0 0.0 
0.0 17.0 5.0 18.0 21.0 
16.0 0.0 16.0 7.0 18.0 
9.0 10.0 0.0 12.0 3.0 
12.0 5.0 0.0 0.0 8.0 
9.0 6.0 8.0 7.0 0.0 
0.0 18.0 24.0 1.0 10.0 
19.0 0.0 19.0 14.0 8.0 
3.0 0.0 0.0 5.0 5.0 
14.0 1.0 4.0 0.0 2.0 
5.0 20.0 24.0 9.0 0.0 
0.0 15.0 9.0 3.0 13.0 
11.0 0.0 4.0 16.0 9.0 
7.0 12.0 0.0 19.0 3.0 
18.0 2.0 7.0 0.0 8.0 
12.0 5.0 23.0 3.0 0.0 
0.0 20.0 11.0 20.0 5.0 
19.0 0.0 15.0 15.0 15.0 
2.0 12.0 0.0 9.0 19.0 
13.0 6.0 23.0 0.0 10.0 
8.0 23.0 19.0 7.0 0.0 
0.0 24.0 13.0 12.0 4.0 
17.0 0.0 11.0 20.0 18.0 
18.0 23.0 0.0 17.0 21.0 
24.0 9.0 15.0 0.0 13.0 
10.0 3.0 3.0 9.0 0.0 
