0.0 20.0 11.0 13.0 6.0 
6.0 0.0 13.0 10.0 19.0 
23.0 22.0 0.0 12.0 13.0 
20.0 4.0 10.0 0.0 6.0 
23.0 24.0 10.0 9.0 0.0 
0.0 15.0 14.0 1.0 9.0 
21.0 0.0 8.0 1.0 2.0 
18.0 9.0 0.0 16.0 3.0 
20.0 6.0 24.0 0.0 15.0 
15.0 15.0 19.0 6.0 0.0 
0.0 10.0 22.0 8.0 14.0 
10.0 0.0 3.0 15.0 2.0 
23.0 10.0 0.0 14.0 6.0 
20.0 18.0 16.0 0.0 22.0 
3.0 0.0 21.0 2.0 0.0 
0.0 19.0 8.0 21.0 20.0 
4.0 0.0 8.0 18.0 21.0 
13.0 4.0 0.0 20.0 14.0 
7.0 13.0 14.0 0.0 13.0 
14.0 21.0 21.0 6.0 0.0 
0.0 4.0 8.0 2.0 11.0 
1.0 0.0 21.0 10.0 4.0 
20.0 23.0 0.0 9.0 0.0 
3.0 4.0 22.0 0.0 14.0 
2.0 22.0 1.0 20.0 0.0 
0.0 5.0 3.0 12.0 6.0 
3.0 0.0 2.0 20.0 16.0 
24.0 11.0 0.0 10.0 12.0 
2.0 19.0 14.0 0.0 2.0 
13.0 9.0 8.0 22.0 0.0 
0.0 2.0 16.0 7.0 7.0 
7.0 0.0 1.0 18.0 16.0 
15.0 7.0 0.0 24.0 14.0 
4.0 10.0 19.0 0.0 24.0 
24.0 21.0 9.0 10.0 0.0 
0.0 8.0 8.0 9.0 0.0 
23.0 0.0 4.0 8.0 17.0 
6.0 1.0 0.0 7.0 9.0 
10.0 14.0 21.0 0.0 3.0 
16.0 1.0 4.0 11.0 0.0 
0.0 13.0 6.0 20.0 20.0 
14.0 0.0 0.0 20.0 10.0 
15.0 22.0 0.0 20.0 2.0 
6.0 23.0 15.0 0.0 23.0 
18.0 19.0 1.0 9.0 0.0 
0.0 2.0 5.0 13.0 23.0 
13.0 0.0 9.0 4.0 21.0 
1.0 5.0 0.0 5.0 8.0 
5.0 12.0 16.0 0.0 6.0 
12.0 12.0 20.0 13.0 0.0 
0.0 0.0 3.0 4.0 7.0 
4.0 0.0 3.0 15.0 10.0 
12.0 0.0 0.0 8.0 0.0 
18.0 9.0 12.0 0.0 11.0 
19.0 15.0 19.0 5.0 0.0 
0.0 4.0 1.0 15.0 2.0 
13.0 0.0 14.0 1.0 16.0 
15.0 15.0 0.0 5.0 24.0 
10.0 7.0 20.0 0.0 19.0 
21.0 9.0 5.0 12.0 0.0 
