0.0 1.0 23.0 21.0 6.0 
9.0 0.0 15.0 21.0 22.0 
8.0 5.0 0.0 21.0 7.0 
15.0 15.0 19.0 0.0 5.0 
11.0 17.0 7.0 18.0 0.0 
0.0 4.0 23.0 24.0 20.0 
8.0 0.0 1.0 16.0 18.0 
17.0 22.0 0.0 14.0 10.0 
15.0 20.0 3.0 0.0 7.0 
3.0 3.0 17.0 4.0 0.0 
0.0 18.0 16.0 12.0 11.0 
11.0 0.0 16.0 21.0 5.0 
21.0 21.0 0.0 0.0 17.0 
4.0 19.0 0.0 0.0 7.0 
13.0 15.0 11.0 21.0 0.0 
0.0 14.0 20.0 19.0 13.0 
21.0 0.0 12.0 24.0 10.0 
1.0 22.0 0.0 17.0 0.0 
19.0 4.0 17.0 0.0 13.0 
23.0 23.0 9.0 4.0 0.0 
0.0 24.0 7.0 22.0 13.0 
4.0 0.0 4.0 10.0 6.0 
12.0 0.0 0.0 19.0 19.0 
22.0 2.0 21.0 0.0 23.0 
13.0 0.0 16.0 5.0 0.0 
0.0 15.0 20.0 6.0 1.0 
0.0 0.0 19.0 0.0 3.0 
15.0 18.0 0.0 12.0 12.0 
4.0 5.0 7.0 0.0 4.0 
12.0 6.0 18.0 9.0 0.0 
0.0 20.0 5.0 12.0 22.0 
16.0 0.0 15.0 14.0 12.0 
12.0 13.0 0.0 19.0 19.0 
2.0 17.0 13.0 0.0 13.0 
15.0 24.0 16.0 9.0 0.0 
0.0 11.0 2.0 23.0 20.0 
12.0 0.0 15.0 24.0 15.0 
5.0 8.0 0.0 23.0 5.0 
9.0 10.0 13.0 0.0 23.0 
14.0 21.0 21.0 18.0 0.0 
0.0 12.0 1.0 18.0 8.0 
18.0 0.0 16.0 10.0 9.0 
8.0 14.0 0.0 7.0 11.0 
8.0 8.0 24.0 0.0 5.0 
8.0 14.0 17.0 7.0 0.0 
0.0 23.0 0.0 19.0 14.0 
21.0 0.0 16.0 6.0 3.0 
9.0 3.0 0.0 21.0 6.0 
2.0 10.0 16.0 0.0 23.0 
15.0 23.0 16.0 12.0 0.0 
0.0 19.0 9.0 14.0 5.0 
14.0 0.0 7.0 8.0 10.0 
20.0 5.0 0.0 12.0 21.0 
22.0 4.0 8.0 0.0 20.0 
0.0 3.0 20.0 0.0 0.0 
0.0 13.0 16.0 15.0 5.0 
12.0 0.0 21.0 6.0 24.0 
4.0 8.0 0.0 16.0 14.0 
10.0 7.0 13.0 0.0 16.0 
0.0 15.0 16.0 16.0 0.0 
