0.0 24.0 3.0 4.0 15.0 
23.0 0.0 11.0 23.0 20.0 
11.0 13.0 0.0 18.0 5.0 
20.0 9.0 10.0 0.0 1.0 
6.0 18.0 13.0 14.0 0.0 
0.0 12.0 14.0 11.0 15.0 
19.0 0.0 8.0 21.0 4.0 
9.0 20.0 0.0 13.0 12.0 
10.0 4.0 11.0 0.0 17.0 
17.0 3.0 4.0 2.0 0.0 
0.0 2.0 6.0 18.0 10.0 
7.0 0.0 12.0 15.0 19.0 
1.0 11.0 0.0 16.0 21.0 
0.0 21.0 14.0 0.0 16.0 
0.0 13.0 14.0 16.0 0.0 
0.0 20.0 13.0 5.0 21.0 
15.0 0.0 5.0 4.0 20.0 
21.0 24.0 0.0 0.0 6.0 
23.0 22.0 0.0 0.0 9.0 
22.0 1.0 11.0 5.0 0.0 
0.0 13.0 23.0 10.0 11.0 
12.0 0.0 8.0 20.0 1.0 
24.0 24.0 0.0 10.0 4.0 
4.0 19.0 10.0 0.0 8.0 
4.0 14.0 10.0 13.0 0.0 
0.0 15.0 10.0 23.0 16.0 
15.0 0.0 24.0 12.0 15.0 
14.0 7.0 0.0 17.0 15.0 
5.0 23.0 16.0 0.0 5.0 
19.0 21.0 24.0 6.0 0.0 
0.0 23.0 8.0 11.0 2.0 
23.0 0.0 10.0 18.0 22.0 
16.0 0.0 0.0 15.0 19.0 
8.0 9.0 24.0 0.0 0.0 
5.0 23.0 11.0 7.0 0.0 
0.0 23.0 15.0 3.0 22.0 
20.0 0.0 9.0 20.0 9.0 
11.0 16.0 0.0 8.0 19.0 
9.0 14.0 10.0 0.0 5.0 
15.0 18.0 14.0 5.0 0.0 
0.0 10.0 14.0 4.0 20.0 
16.0 0.0 5.0 8.0 12.0 
8.0 22.0 0.0 22.0 7.0 
15.0 24.0 14.0 0.0 4.0 
4.0 22.0 11.0 0.0 0.0 
0.0 8.0 22.0 5.0 6.0 
13.0 0.0 9.0 20.0 21.0 
24.0 17.0 0.0 15.0 20.0 
2.0 12.0 23.0 0.0 21.0 
15.0 11.0 19.0 8.0 0.0 
0.0 10.0 1.0 4.0 17.0 
8.0 0.0 8.0 19.0 10.0 
3.0 3.0 0.0 12.0 21.0 
2.0 6.0 14.0 0.0 18.0 
4.0 20.0 5.0 20.0 0.0 
0.0 22.0 4.0 12.0 12.0 
16.0 0.0 3.0 11.0 18.0 
23.0 10.0 0.0 14.0 0.0 
11.0 17.0 1.0 0.0 2.0 
17.0 4.0 3.0 4.0 0.0 
