0.0 17.0 10.0 7.0 19.0 
4.0 0.0 10.0 4.0 14.0 
23.0 17.0 0.0 22.0 14.0 
23.0 19.0 13.0 0.0 13.0 
22.0 24.0 21.0 23.0 0.0 
0.0 15.0 22.0 10.0 9.0 
11.0 0.0 22.0 23.0 20.0 
5.0 22.0 0.0 0.0 2.0 
4.0 22.0 13.0 0.0 15.0 
12.0 1.0 0.0 18.0 0.0 
0.0 3.0 15.0 13.0 24.0 
12.0 0.0 4.0 1.0 6.0 
22.0 18.0 0.0 2.0 18.0 
8.0 22.0 0.0 0.0 0.0 
7.0 8.0 23.0 17.0 0.0 
0.0 2.0 3.0 20.0 10.0 
17.0 0.0 7.0 16.0 20.0 
7.0 10.0 0.0 16.0 12.0 
2.0 4.0 0.0 0.0 9.0 
12.0 21.0 4.0 2.0 0.0 
0.0 18.0 1.0 4.0 11.0 
19.0 0.0 8.0 11.0 13.0 
4.0 24.0 0.0 5.0 14.0 
1.0 13.0 2.0 0.0 0.0 
19.0 18.0 1.0 24.0 0.0 
0.0 15.0 21.0 9.0 22.0 
5.0 0.0 20.0 7.0 23.0 
1.0 5.0 0.0 9.0 0.0 
13.0 24.0 18.0 0.0 15.0 
5.0 14.0 1.0 2.0 0.0 
0.0 8.0 7.0 19.0 0.0 
19.0 0.0 20.0 12.0 0.0 
10.0 23.0 0.0 8.0 24.0 
10.0 24.0 5.0 0.0 20.0 
19.0 13.0 23.0 23.0 0.0 
0.0 7.0 9.0 0.0 12.0 
16.0 0.0 14.0 23.0 1.0 
12.0 0.0 0.0 23.0 2.0 
17.0 10.0 16.0 0.0 7.0 
22.0 4.0 21.0 0.0 0.0 
0.0 5.0 15.0 10.0 12.0 
11.0 0.0 11.0 14.0 7.0 
8.0 9.0 0.0 9.0 5.0 
10.0 23.0 19.0 0.0 0.0 
8.0 2.0 6.0 13.0 0.0 
0.0 9.0 13.0 3.0 9.0 
17.0 0.0 10.0 12.0 17.0 
24.0 12.0 0.0 4.0 22.0 
13.0 8.0 10.0 0.0 3.0 
3.0 0.0 12.0 14.0 0.0 
0.0 7.0 23.0 8.0 11.0 
6.0 0.0 20.0 20.0 4.0 
24.0 21.0 0.0 15.0 20.0 
21.0 16.0 17.0 0.0 23.0 
5.0 2.0 14.0 10.0 0.0 
0.0 11.0 18.0 23.0 5.0 
3.0 0.0 21.0 11.0 16.0 
17.0 6.0 0.0 8.0 16.0 
10.0 15.0 17.0 0.0 18.0 
23.0 5.0 18.0 8.0 0.0 
