0.0 9.0 21.0 24.0 8.0 
2.0 0.0 14.0 4.0 13.0 
23.0 19.0 0.0 12.0 11.0 
14.0 15.0 4.0 0.0 4.0 
3.0 13.0 16.0 2.0 0.0 
0.0 5.0 1.0 3.0 0.0 
6.0 0.0 8.0 0.0 1.0 
9.0 24.0 0.0 11.0 14.0 
24.0 3.0 0.0 0.0 9.0 
1.0 5.0 23.0 20.0 0.0 
0.0 3.0 23.0 4.0 9.0 
3.0 0.0 13.0 15.0 17.0 
5.0 20.0 0.0 24.0 21.0 
17.0 14.0 10.0 0.0 16.0 
6.0 18.0 8.0 7.0 0.0 
0.0 21.0 8.0 4.0 23.0 
16.0 0.0 24.0 7.0 19.0 
24.0 9.0 0.0 1.0 0.0 
19.0 22.0 20.0 0.0 11.0 
12.0 9.0 22.0 10.0 0.0 
0.0 8.0 14.0 11.0 19.0 
8.0 0.0 9.0 1.0 15.0 
22.0 17.0 0.0 15.0 24.0 
4.0 21.0 21.0 0.0 16.0 
5.0 19.0 12.0 18.0 0.0 
0.0 19.0 12.0 3.0 13.0 
1.0 0.0 12.0 5.0 16.0 
10.0 18.0 0.0 24.0 19.0 
23.0 8.0 7.0 0.0 10.0 
23.0 14.0 10.0 3.0 0.0 
0.0 16.0 1.0 23.0 11.0 
7.0 0.0 3.0 23.0 9.0 
15.0 23.0 0.0 13.0 17.0 
17.0 10.0 16.0 0.0 2.0 
18.0 19.0 1.0 4.0 0.0 
0.0 15.0 8.0 0.0 10.0 
13.0 0.0 5.0 3.0 20.0 
19.0 24.0 0.0 21.0 20.0 
3.0 0.0 1.0 0.0 23.0 
14.0 19.0 20.0 5.0 0.0 
0.0 4.0 3.0 10.0 4.0 
11.0 0.0 6.0 12.0 2.0 
24.0 24.0 0.0 8.0 19.0 
17.0 6.0 10.0 0.0 13.0 
5.0 9.0 18.0 1.0 0.0 
0.0 14.0 14.0 3.0 1.0 
20.0 0.0 5.0 14.0 15.0 
8.0 9.0 0.0 6.0 0.0 
6.0 21.0 1.0 0.0 22.0 
4.0 17.0 4.0 17.0 0.0 
0.0 11.0 5.0 12.0 12.0 
19.0 0.0 13.0 12.0 24.0 
13.0 10.0 0.0 23.0 3.0 
7.0 3.0 7.0 0.0 0.0 
20.0 23.0 18.0 10.0 0.0 
0.0 20.0 7.0 15.0 9.0 
20.0 0.0 14.0 19.0 8.0 
0.0 3.0 0.0 10.0 20.0 
18.0 22.0 3.0 0.0 16.0 
5.0 19.0 16.0 11.0 0.0 
