0.0 22.0 1.0 12.0 1.0 
6.0 0.0 16.0 21.0 21.0 
9.0 18.0 0.0 22.0 21.0 
18.0 8.0 17.0 0.0 23.0 
12.0 15.0 12.0 4.0 0.0 
0.0 9.0 6.0 20.0 8.0 
23.0 0.0 16.0 6.0 12.0 
2.0 9.0 0.0 11.0 0.0 
20.0 8.0 14.0 0.0 6.0 
8.0 9.0 19.0 10.0 0.0 
0.0 20.0 17.0 22.0 0.0 
2.0 0.0 19.0 21.0 2.0 
19.0 2.0 0.0 9.0 3.0 
8.0 14.0 3.0 0.0 23.0 
2.0 0.0 21.0 6.0 0.0 
0.0 9.0 6.0 12.0 0.0 
24.0 0.0 20.0 1.0 24.0 
19.0 15.0 0.0 3.0 15.0 
13.0 20.0 7.0 0.0 11.0 
19.0 9.0 13.0 0.0 0.0 
0.0 5.0 24.0 20.0 1.0 
14.0 0.0 23.0 4.0 22.0 
10.0 8.0 0.0 2.0 20.0 
19.0 7.0 8.0 0.0 23.0 
5.0 12.0 22.0 9.0 0.0 
0.0 22.0 11.0 10.0 2.0 
6.0 0.0 17.0 2.0 22.0 
2.0 1.0 0.0 10.0 13.0 
16.0 23.0 13.0 0.0 22.0 
9.0 6.0 15.0 24.0 0.0 
0.0 22.0 8.0 21.0 24.0 
3.0 0.0 13.0 12.0 24.0 
0.0 8.0 0.0 11.0 21.0 
6.0 10.0 1.0 0.0 21.0 
7.0 4.0 8.0 21.0 0.0 
0.0 23.0 5.0 24.0 7.0 
13.0 0.0 12.0 19.0 2.0 
0.0 21.0 0.0 12.0 11.0 
7.0 18.0 11.0 0.0 17.0 
5.0 18.0 19.0 22.0 0.0 
0.0 10.0 4.0 5.0 0.0 
13.0 0.0 24.0 7.0 11.0 
22.0 3.0 0.0 6.0 3.0 
12.0 21.0 18.0 0.0 1.0 
3.0 0.0 13.0 9.0 0.0 
0.0 23.0 21.0 12.0 7.0 
0.0 0.0 8.0 22.0 4.0 
5.0 2.0 0.0 8.0 9.0 
5.0 12.0 23.0 0.0 4.0 
24.0 24.0 13.0 7.0 0.0 
0.0 18.0 21.0 21.0 12.0 
0.0 0.0 16.0 11.0 6.0 
3.0 18.0 0.0 7.0 20.0 
13.0 24.0 4.0 0.0 22.0 
21.0 3.0 19.0 7.0 0.0 
0.0 21.0 12.0 2.0 11.0 
6.0 0.0 20.0 2.0 14.0 
5.0 1.0 0.0 15.0 0.0 
3.0 13.0 11.0 0.0 18.0 
16.0 17.0 20.0 12.0 0.0 
