0.0 10.0 8.0 3.0 0.0 
8.0 0.0 6.0 11.0 14.0 
19.0 21.0 0.0 9.0 8.0 
21.0 12.0 21.0 0.0 24.0 
11.0 17.0 1.0 10.0 0.0 
0.0 9.0 5.0 5.0 14.0 
17.0 0.0 9.0 5.0 24.0 
24.0 11.0 0.0 5.0 23.0 
2.0 22.0 10.0 0.0 5.0 
5.0 19.0 14.0 19.0 0.0 
0.0 11.0 6.0 22.0 1.0 
16.0 0.0 11.0 9.0 0.0 
19.0 2.0 0.0 16.0 15.0 
11.0 4.0 14.0 0.0 9.0 
11.0 24.0 0.0 11.0 0.0 
0.0 21.0 10.0 8.0 15.0 
10.0 0.0 11.0 4.0 13.0 
16.0 9.0 0.0 16.0 23.0 
3.0 8.0 6.0 0.0 0.0 
13.0 14.0 20.0 8.0 0.0 
0.0 24.0 7.0 8.0 7.0 
24.0 0.0 23.0 13.0 10.0 
19.0 5.0 0.0 9.0 4.0 
6.0 11.0 4.0 0.0 16.0 
15.0 18.0 16.0 16.0 0.0 
0.0 9.0 16.0 5.0 21.0 
11.0 0.0 4.0 7.0 20.0 
0.0 1.0 0.0 15.0 20.0 
19.0 6.0 9.0 0.0 2.0 
2.0 18.0 15.0 8.0 0.0 
0.0 20.0 8.0 21.0 16.0 
15.0 0.0 19.0 2.0 19.0 
9.0 5.0 0.0 5.0 9.0 
7.0 18.0 6.0 0.0 19.0 
12.0 1.0 20.0 8.0 0.0 
0.0 0.0 5.0 3.0 1.0 
1.0 0.0 21.0 18.0 3.0 
24.0 23.0 0.0 21.0 8.0 
15.0 23.0 18.0 0.0 23.0 
3.0 0.0 12.0 17.0 0.0 
0.0 2.0 14.0 10.0 5.0 
16.0 0.0 18.0 0.0 14.0 
6.0 19.0 0.0 19.0 13.0 
13.0 16.0 8.0 0.0 19.0 
8.0 13.0 7.0 22.0 0.0 
0.0 6.0 12.0 21.0 19.0 
6.0 0.0 2.0 17.0 18.0 
5.0 7.0 0.0 12.0 17.0 
21.0 24.0 5.0 0.0 14.0 
13.0 17.0 16.0 21.0 0.0 
0.0 10.0 8.0 24.0 20.0 
14.0 0.0 4.0 7.0 11.0 
12.0 8.0 0.0 5.0 6.0 
22.0 13.0 11.0 0.0 6.0 
4.0 14.0 3.0 10.0 0.0 
0.0 1.0 12.0 21.0 16.0 
16.0 0.0 5.0 24.0 6.0 
24.0 21.0 0.0 6.0 16.0 
24.0 14.0 10.0 0.0 15.0 
4.0 0.0 17.0 14.0 0.0 
