0.0 17.0 22.0 12.0 19.0 
0.0 0.0 24.0 16.0 14.0 
10.0 2.0 0.0 18.0 12.0 
0.0 17.0 6.0 0.0 16.0 
7.0 16.0 18.0 16.0 0.0 
0.0 8.0 8.0 8.0 0.0 
8.0 0.0 20.0 20.0 18.0 
14.0 16.0 0.0 1.0 20.0 
13.0 8.0 22.0 0.0 17.0 
4.0 20.0 1.0 11.0 0.0 
0.0 2.0 20.0 12.0 4.0 
23.0 0.0 21.0 12.0 9.0 
19.0 6.0 0.0 8.0 8.0 
14.0 22.0 8.0 0.0 18.0 
20.0 17.0 0.0 3.0 0.0 
0.0 19.0 12.0 3.0 10.0 
8.0 0.0 10.0 10.0 8.0 
1.0 8.0 0.0 17.0 20.0 
1.0 10.0 11.0 0.0 23.0 
2.0 14.0 20.0 23.0 0.0 
0.0 14.0 14.0 9.0 14.0 
0.0 0.0 9.0 2.0 18.0 
24.0 23.0 0.0 9.0 16.0 
17.0 16.0 16.0 0.0 20.0 
21.0 5.0 3.0 7.0 0.0 
0.0 17.0 1.0 2.0 1.0 
2.0 0.0 3.0 10.0 16.0 
11.0 18.0 0.0 5.0 13.0 
4.0 6.0 20.0 0.0 15.0 
3.0 14.0 10.0 2.0 0.0 
0.0 5.0 10.0 18.0 17.0 
20.0 0.0 15.0 21.0 12.0 
23.0 16.0 0.0 21.0 13.0 
7.0 17.0 2.0 0.0 20.0 
16.0 24.0 7.0 8.0 0.0 
0.0 14.0 24.0 7.0 0.0 
4.0 0.0 13.0 22.0 5.0 
7.0 14.0 0.0 23.0 5.0 
12.0 13.0 24.0 0.0 14.0 
13.0 3.0 21.0 3.0 0.0 
0.0 21.0 21.0 22.0 7.0 
20.0 0.0 8.0 20.0 6.0 
18.0 6.0 0.0 22.0 20.0 
18.0 1.0 6.0 0.0 2.0 
0.0 5.0 13.0 0.0 0.0 
0.0 15.0 6.0 11.0 10.0 
11.0 0.0 16.0 12.0 20.0 
6.0 17.0 0.0 9.0 24.0 
5.0 6.0 12.0 0.0 15.0 
12.0 24.0 0.0 10.0 0.0 
0.0 19.0 12.0 22.0 21.0 
11.0 0.0 21.0 5.0 6.0 
23.0 13.0 0.0 11.0 16.0 
18.0 8.0 24.0 0.0 12.0 
4.0 5.0 3.0 1.0 0.0 
0.0 8.0 24.0 12.0 4.0 
5.0 0.0 21.0 22.0 22.0 
4.0 12.0 0.0 24.0 18.0 
7.0 24.0 20.0 0.0 0.0 
23.0 22.0 3.0 22.0 0.0 
