0.0 21.0 15.0 20.0 0.0 
1.0 0.0 7.0 14.0 24.0 
4.0 23.0 0.0 4.0 22.0 
16.0 17.0 23.0 0.0 12.0 
17.0 18.0 3.0 4.0 0.0 
0.0 20.0 7.0 21.0 24.0 
23.0 0.0 3.0 24.0 21.0 
8.0 24.0 0.0 16.0 8.0 
14.0 17.0 18.0 0.0 6.0 
22.0 12.0 0.0 15.0 0.0 
0.0 23.0 5.0 6.0 4.0 
0.0 0.0 2.0 7.0 23.0 
14.0 21.0 0.0 5.0 13.0 
12.0 19.0 7.0 0.0 12.0 
15.0 22.0 17.0 2.0 0.0 
0.0 12.0 18.0 11.0 20.0 
20.0 0.0 18.0 23.0 18.0 
7.0 4.0 0.0 19.0 16.0 
10.0 20.0 12.0 0.0 20.0 
21.0 20.0 18.0 1.0 0.0 
0.0 9.0 8.0 18.0 23.0 
16.0 0.0 20.0 5.0 8.0 
3.0 1.0 0.0 9.0 9.0 
7.0 9.0 11.0 0.0 21.0 
20.0 18.0 17.0 22.0 0.0 
0.0 17.0 5.0 8.0 0.0 
3.0 0.0 8.0 11.0 9.0 
11.0 4.0 0.0 16.0 17.0 
19.0 22.0 10.0 0.0 4.0 
11.0 18.0 22.0 3.0 0.0 
0.0 24.0 18.0 15.0 0.0 
4.0 0.0 3.0 14.0 13.0 
6.0 11.0 0.0 11.0 7.0 
23.0 10.0 10.0 0.0 13.0 
2.0 4.0 6.0 23.0 0.0 
0.0 18.0 12.0 9.0 19.0 
4.0 0.0 9.0 15.0 15.0 
7.0 3.0 0.0 12.0 11.0 
1.0 15.0 13.0 0.0 10.0 
7.0 2.0 16.0 19.0 0.0 
0.0 20.0 3.0 7.0 14.0 
16.0 0.0 21.0 10.0 16.0 
12.0 17.0 0.0 2.0 8.0 
19.0 11.0 24.0 0.0 13.0 
1.0 2.0 5.0 13.0 0.0 
0.0 12.0 16.0 23.0 17.0 
21.0 0.0 12.0 19.0 10.0 
14.0 2.0 0.0 10.0 6.0 
2.0 13.0 10.0 0.0 23.0 
18.0 20.0 4.0 12.0 0.0 
0.0 15.0 10.0 1.0 6.0 
15.0 0.0 16.0 13.0 16.0 
20.0 4.0 0.0 3.0 4.0 
2.0 11.0 24.0 0.0 17.0 
18.0 6.0 22.0 21.0 0.0 
0.0 11.0 3.0 6.0 4.0 
0.0 0.0 2.0 22.0 12.0 
17.0 0.0 0.0 24.0 10.0 
9.0 7.0 16.0 0.0 9.0 
11.0 11.0 0.0 3.0 0.0 
