0.0 21.0 2.0 1.0 9.0 
9.0 0.0 15.0 20.0 15.0 
4.0 9.0 0.0 18.0 17.0 
6.0 17.0 10.0 0.0 22.0 
24.0 17.0 14.0 12.0 0.0 
0.0 21.0 4.0 23.0 9.0 
7.0 0.0 7.0 14.0 9.0 
21.0 1.0 0.0 2.0 10.0 
21.0 9.0 24.0 0.0 14.0 
22.0 21.0 1.0 13.0 0.0 
0.0 24.0 19.0 8.0 10.0 
12.0 0.0 17.0 4.0 6.0 
9.0 9.0 0.0 12.0 14.0 
7.0 19.0 9.0 0.0 11.0 
22.0 8.0 24.0 17.0 0.0 
0.0 12.0 16.0 15.0 22.0 
9.0 0.0 9.0 7.0 2.0 
12.0 22.0 0.0 8.0 14.0 
10.0 20.0 21.0 0.0 5.0 
12.0 19.0 1.0 2.0 0.0 
0.0 19.0 23.0 20.0 1.0 
20.0 0.0 11.0 16.0 11.0 
10.0 24.0 0.0 22.0 18.0 
12.0 22.0 9.0 0.0 8.0 
2.0 2.0 21.0 14.0 0.0 
0.0 8.0 22.0 9.0 12.0 
0.0 0.0 18.0 7.0 7.0 
12.0 20.0 0.0 9.0 24.0 
19.0 23.0 24.0 0.0 15.0 
23.0 6.0 5.0 24.0 0.0 
0.0 7.0 15.0 21.0 14.0 
8.0 0.0 9.0 15.0 14.0 
5.0 5.0 0.0 6.0 24.0 
0.0 10.0 3.0 0.0 10.0 
20.0 8.0 24.0 9.0 0.0 
0.0 23.0 20.0 0.0 14.0 
20.0 0.0 7.0 4.0 0.0 
24.0 2.0 0.0 14.0 8.0 
14.0 18.0 24.0 0.0 16.0 
4.0 20.0 8.0 9.0 0.0 
0.0 7.0 17.0 3.0 14.0 
23.0 0.0 23.0 11.0 4.0 
13.0 6.0 0.0 6.0 3.0 
7.0 1.0 18.0 0.0 20.0 
9.0 3.0 21.0 16.0 0.0 
0.0 13.0 9.0 18.0 12.0 
20.0 0.0 10.0 3.0 21.0 
18.0 20.0 0.0 10.0 21.0 
0.0 21.0 15.0 0.0 8.0 
8.0 9.0 17.0 9.0 0.0 
0.0 19.0 20.0 23.0 22.0 
22.0 0.0 10.0 19.0 20.0 
5.0 20.0 0.0 13.0 22.0 
4.0 12.0 13.0 0.0 15.0 
12.0 11.0 1.0 23.0 0.0 
0.0 16.0 1.0 7.0 19.0 
7.0 0.0 1.0 0.0 19.0 
17.0 14.0 0.0 8.0 10.0 
4.0 2.0 22.0 0.0 13.0 
12.0 7.0 16.0 18.0 0.0 
