0.0 10.0 2.0 6.0 11.0 
24.0 0.0 13.0 4.0 20.0 
11.0 1.0 0.0 24.0 3.0 
12.0 11.0 18.0 0.0 17.0 
24.0 20.0 6.0 23.0 0.0 
0.0 5.0 14.0 16.0 19.0 
12.0 0.0 7.0 14.0 12.0 
17.0 18.0 0.0 14.0 23.0 
2.0 2.0 11.0 0.0 23.0 
11.0 23.0 21.0 8.0 0.0 
0.0 18.0 16.0 22.0 3.0 
0.0 0.0 17.0 3.0 2.0 
8.0 22.0 0.0 2.0 14.0 
2.0 24.0 9.0 0.0 13.0 
21.0 18.0 15.0 19.0 0.0 
0.0 14.0 23.0 12.0 6.0 
24.0 0.0 23.0 4.0 14.0 
5.0 6.0 0.0 10.0 19.0 
2.0 19.0 6.0 0.0 4.0 
6.0 10.0 11.0 0.0 0.0 
0.0 10.0 0.0 10.0 17.0 
21.0 0.0 24.0 18.0 7.0 
11.0 6.0 0.0 9.0 8.0 
21.0 3.0 14.0 0.0 13.0 
19.0 18.0 20.0 12.0 0.0 
0.0 4.0 4.0 13.0 24.0 
19.0 0.0 12.0 21.0 15.0 
6.0 16.0 0.0 7.0 5.0 
24.0 10.0 16.0 0.0 20.0 
16.0 14.0 12.0 12.0 0.0 
0.0 3.0 7.0 1.0 24.0 
5.0 0.0 9.0 21.0 3.0 
1.0 11.0 0.0 22.0 0.0 
12.0 9.0 5.0 0.0 8.0 
11.0 18.0 9.0 6.0 0.0 
0.0 24.0 22.0 15.0 18.0 
3.0 0.0 5.0 7.0 8.0 
2.0 24.0 0.0 0.0 10.0 
15.0 1.0 6.0 0.0 15.0 
15.0 18.0 20.0 9.0 0.0 
0.0 20.0 15.0 12.0 23.0 
3.0 0.0 11.0 5.0 3.0 
10.0 13.0 0.0 22.0 10.0 
3.0 9.0 15.0 0.0 9.0 
4.0 12.0 8.0 13.0 0.0 
0.0 9.0 5.0 19.0 1.0 
1.0 0.0 20.0 3.0 11.0 
16.0 16.0 0.0 3.0 3.0 
5.0 16.0 5.0 0.0 24.0 
12.0 4.0 15.0 10.0 0.0 
0.0 2.0 3.0 0.0 16.0 
22.0 0.0 24.0 3.0 23.0 
16.0 6.0 0.0 17.0 5.0 
19.0 1.0 11.0 0.0 15.0 
12.0 24.0 11.0 5.0 0.0 
0.0 16.0 20.0 15.0 17.0 
6.0 0.0 16.0 9.0 17.0 
14.0 24.0 0.0 0.0 23.0 
10.0 2.0 19.0 0.0 14.0 
11.0 8.0 11.0 9.0 0.0 
