0.0 13.0 24.0 18.0 6.0 
2.0 0.0 11.0 17.0 22.0 
2.0 17.0 0.0 2.0 21.0 
16.0 6.0 17.0 0.0 22.0 
16.0 0.0 1.0 19.0 0.0 
0.0 23.0 2.0 11.0 9.0 
6.0 0.0 9.0 16.0 4.0 
21.0 7.0 0.0 12.0 6.0 
24.0 11.0 10.0 0.0 11.0 
22.0 14.0 18.0 18.0 0.0 
0.0 17.0 9.0 2.0 18.0 
22.0 0.0 7.0 12.0 6.0 
1.0 14.0 0.0 1.0 23.0 
18.0 7.0 11.0 0.0 23.0 
21.0 1.0 20.0 15.0 0.0 
0.0 16.0 5.0 23.0 9.0 
19.0 0.0 4.0 16.0 21.0 
2.0 0.0 0.0 15.0 11.0 
15.0 16.0 10.0 0.0 17.0 
16.0 18.0 2.0 12.0 0.0 
0.0 22.0 7.0 12.0 21.0 
24.0 0.0 21.0 9.0 18.0 
10.0 16.0 0.0 23.0 5.0 
8.0 23.0 22.0 0.0 5.0 
20.0 15.0 21.0 5.0 0.0 
0.0 4.0 10.0 17.0 14.0 
15.0 0.0 23.0 20.0 0.0 
4.0 5.0 0.0 12.0 10.0 
10.0 4.0 1.0 0.0 22.0 
1.0 7.0 14.0 0.0 0.0 
0.0 12.0 23.0 17.0 11.0 
12.0 0.0 19.0 2.0 1.0 
13.0 19.0 0.0 9.0 14.0 
7.0 2.0 23.0 0.0 5.0 
23.0 1.0 19.0 8.0 0.0 
0.0 8.0 12.0 21.0 16.0 
24.0 0.0 19.0 16.0 18.0 
4.0 23.0 0.0 9.0 3.0 
18.0 5.0 15.0 0.0 18.0 
2.0 1.0 16.0 2.0 0.0 
0.0 1.0 6.0 5.0 13.0 
24.0 0.0 8.0 13.0 12.0 
11.0 7.0 0.0 7.0 11.0 
15.0 5.0 7.0 0.0 4.0 
24.0 17.0 4.0 18.0 0.0 
0.0 10.0 16.0 10.0 10.0 
15.0 0.0 24.0 21.0 23.0 
2.0 22.0 0.0 9.0 19.0 
23.0 22.0 7.0 0.0 13.0 
11.0 15.0 23.0 11.0 0.0 
0.0 11.0 11.0 1.0 3.0 
13.0 0.0 3.0 6.0 22.0 
7.0 10.0 0.0 9.0 20.0 
1.0 20.0 21.0 0.0 1.0 
7.0 13.0 4.0 19.0 0.0 
0.0 2.0 11.0 15.0 20.0 
1.0 0.0 6.0 8.0 2.0 
19.0 9.0 0.0 11.0 22.0 
14.0 19.0 13.0 0.0 16.0 
4.0 2.0 23.0 9.0 0.0 
