0.0 19.0 9.0 9.0 0.0 
0.0 0.0 5.0 24.0 7.0 
17.0 9.0 0.0 1.0 23.0 
10.0 0.0 15.0 0.0 12.0 
16.0 10.0 18.0 18.0 0.0 
0.0 6.0 24.0 16.0 9.0 
24.0 0.0 16.0 4.0 9.0 
23.0 6.0 0.0 0.0 2.0 
5.0 18.0 9.0 0.0 8.0 
1.0 18.0 16.0 10.0 0.0 
0.0 12.0 23.0 0.0 13.0 
19.0 0.0 18.0 11.0 10.0 
21.0 2.0 0.0 23.0 13.0 
18.0 6.0 19.0 0.0 10.0 
19.0 2.0 11.0 21.0 0.0 
0.0 11.0 15.0 18.0 3.0 
14.0 0.0 6.0 3.0 8.0 
16.0 1.0 0.0 9.0 15.0 
3.0 10.0 15.0 0.0 14.0 
22.0 13.0 5.0 23.0 0.0 
0.0 12.0 9.0 22.0 6.0 
18.0 0.0 21.0 21.0 22.0 
8.0 6.0 0.0 0.0 16.0 
22.0 15.0 4.0 0.0 4.0 
14.0 24.0 16.0 3.0 0.0 
0.0 17.0 15.0 13.0 1.0 
12.0 0.0 0.0 4.0 15.0 
2.0 12.0 0.0 19.0 3.0 
9.0 4.0 3.0 0.0 18.0 
15.0 21.0 16.0 7.0 0.0 
0.0 21.0 8.0 3.0 1.0 
16.0 0.0 2.0 5.0 1.0 
17.0 2.0 0.0 9.0 11.0 
22.0 18.0 1.0 0.0 0.0 
21.0 3.0 4.0 15.0 0.0 
0.0 17.0 7.0 8.0 18.0 
21.0 0.0 23.0 10.0 1.0 
22.0 3.0 0.0 5.0 7.0 
24.0 15.0 8.0 0.0 14.0 
1.0 12.0 23.0 9.0 0.0 
0.0 15.0 2.0 22.0 21.0 
16.0 0.0 23.0 9.0 19.0 
13.0 8.0 0.0 11.0 23.0 
2.0 2.0 9.0 0.0 8.0 
6.0 24.0 20.0 19.0 0.0 
0.0 12.0 5.0 11.0 12.0 
22.0 0.0 17.0 8.0 18.0 
17.0 7.0 0.0 24.0 19.0 
11.0 17.0 16.0 0.0 16.0 
18.0 18.0 14.0 10.0 0.0 
0.0 8.0 9.0 17.0 18.0 
12.0 0.0 22.0 15.0 22.0 
7.0 3.0 0.0 22.0 8.0 
23.0 1.0 24.0 0.0 1.0 
18.0 16.0 17.0 15.0 0.0 
0.0 24.0 2.0 9.0 13.0 
4.0 0.0 15.0 5.0 9.0 
17.0 18.0 0.0 10.0 2.0 
1.0 12.0 13.0 0.0 14.0 
21.0 8.0 16.0 1.0 0.0 
