0.0 7.0 6.0 16.0 23.0 
2.0 0.0 19.0 13.0 3.0 
18.0 20.0 0.0 2.0 1.0 
0.0 11.0 12.0 0.0 0.0 
21.0 7.0 24.0 4.0 0.0 
0.0 5.0 17.0 5.0 21.0 
10.0 0.0 12.0 7.0 19.0 
16.0 16.0 0.0 17.0 24.0 
5.0 9.0 13.0 0.0 3.0 
3.0 11.0 15.0 16.0 0.0 
0.0 24.0 1.0 4.0 21.0 
12.0 0.0 9.0 6.0 2.0 
3.0 14.0 0.0 10.0 0.0 
19.0 10.0 5.0 0.0 10.0 
1.0 22.0 0.0 13.0 0.0 
0.0 18.0 5.0 5.0 19.0 
22.0 0.0 16.0 0.0 20.0 
13.0 11.0 0.0 22.0 17.0 
2.0 16.0 6.0 0.0 23.0 
1.0 10.0 14.0 4.0 0.0 
0.0 12.0 23.0 1.0 9.0 
14.0 0.0 1.0 23.0 24.0 
14.0 12.0 0.0 19.0 1.0 
15.0 19.0 24.0 0.0 22.0 
18.0 1.0 8.0 6.0 0.0 
0.0 24.0 5.0 20.0 3.0 
3.0 0.0 10.0 10.0 5.0 
12.0 12.0 0.0 2.0 1.0 
1.0 6.0 17.0 0.0 12.0 
5.0 13.0 2.0 2.0 0.0 
0.0 23.0 4.0 18.0 13.0 
0.0 0.0 19.0 14.0 19.0 
16.0 9.0 0.0 18.0 5.0 
11.0 18.0 19.0 0.0 2.0 
13.0 23.0 14.0 14.0 0.0 
0.0 6.0 17.0 19.0 10.0 
12.0 0.0 15.0 18.0 16.0 
19.0 8.0 0.0 5.0 19.0 
5.0 19.0 14.0 0.0 5.0 
13.0 4.0 13.0 9.0 0.0 
0.0 20.0 1.0 10.0 24.0 
6.0 0.0 0.0 17.0 8.0 
13.0 11.0 0.0 23.0 5.0 
21.0 6.0 3.0 0.0 3.0 
21.0 16.0 11.0 17.0 0.0 
0.0 10.0 1.0 15.0 2.0 
17.0 0.0 14.0 2.0 10.0 
10.0 5.0 0.0 16.0 14.0 
10.0 3.0 5.0 0.0 11.0 
23.0 15.0 5.0 24.0 0.0 
0.0 15.0 23.0 7.0 13.0 
6.0 0.0 22.0 13.0 24.0 
17.0 1.0 0.0 15.0 15.0 
20.0 0.0 7.0 0.0 11.0 
6.0 5.0 16.0 6.0 0.0 
0.0 13.0 19.0 21.0 24.0 
21.0 0.0 6.0 6.0 17.0 
5.0 21.0 0.0 3.0 10.0 
3.0 4.0 7.0 0.0 9.0 
13.0 18.0 24.0 19.0 0.0 
