0.0 2.0 7.0 19.0 21.0 
8.0 0.0 3.0 13.0 9.0 
16.0 11.0 0.0 14.0 22.0 
13.0 19.0 23.0 0.0 11.0 
6.0 11.0 2.0 21.0 0.0 
0.0 21.0 0.0 9.0 3.0 
1.0 0.0 22.0 2.0 12.0 
18.0 14.0 0.0 16.0 10.0 
15.0 5.0 20.0 0.0 10.0 
19.0 6.0 24.0 3.0 0.0 
0.0 6.0 14.0 3.0 22.0 
13.0 0.0 14.0 18.0 15.0 
8.0 13.0 0.0 7.0 8.0 
7.0 23.0 24.0 0.0 24.0 
10.0 9.0 1.0 3.0 0.0 
0.0 9.0 4.0 19.0 22.0 
24.0 0.0 20.0 23.0 13.0 
24.0 4.0 0.0 3.0 7.0 
8.0 5.0 17.0 0.0 10.0 
5.0 19.0 1.0 19.0 0.0 
0.0 14.0 20.0 15.0 12.0 
2.0 0.0 5.0 21.0 20.0 
7.0 20.0 0.0 14.0 22.0 
4.0 19.0 21.0 0.0 17.0 
18.0 17.0 8.0 17.0 0.0 
0.0 22.0 8.0 8.0 12.0 
5.0 0.0 8.0 8.0 6.0 
5.0 1.0 0.0 23.0 0.0 
6.0 24.0 5.0 0.0 23.0 
24.0 24.0 4.0 2.0 0.0 
0.0 21.0 2.0 14.0 5.0 
5.0 0.0 8.0 2.0 20.0 
20.0 16.0 0.0 3.0 16.0 
12.0 5.0 3.0 0.0 10.0 
18.0 10.0 4.0 0.0 0.0 
0.0 8.0 0.0 15.0 2.0 
16.0 0.0 4.0 2.0 8.0 
8.0 1.0 0.0 24.0 2.0 
22.0 18.0 17.0 0.0 21.0 
24.0 9.0 23.0 17.0 0.0 
0.0 20.0 24.0 3.0 1.0 
2.0 0.0 23.0 8.0 3.0 
5.0 15.0 0.0 5.0 9.0 
7.0 24.0 1.0 0.0 20.0 
23.0 19.0 20.0 13.0 0.0 
0.0 6.0 17.0 24.0 1.0 
17.0 0.0 13.0 4.0 24.0 
11.0 18.0 0.0 9.0 24.0 
20.0 15.0 18.0 0.0 6.0 
13.0 24.0 5.0 2.0 0.0 
0.0 3.0 24.0 2.0 4.0 
17.0 0.0 12.0 19.0 0.0 
15.0 15.0 0.0 6.0 18.0 
2.0 21.0 18.0 0.0 2.0 
5.0 21.0 18.0 22.0 0.0 
0.0 11.0 0.0 1.0 1.0 
24.0 0.0 24.0 7.0 8.0 
7.0 19.0 0.0 14.0 8.0 
16.0 0.0 8.0 0.0 12.0 
10.0 3.0 5.0 17.0 0.0 
