0.0 7.0 9.0 18.0 14.0 
14.0 0.0 12.0 22.0 19.0 
23.0 16.0 0.0 10.0 7.0 
4.0 23.0 11.0 0.0 6.0 
11.0 13.0 10.0 7.0 0.0 
0.0 10.0 1.0 17.0 15.0 
21.0 0.0 16.0 24.0 6.0 
23.0 14.0 0.0 18.0 4.0 
3.0 14.0 8.0 0.0 12.0 
7.0 24.0 23.0 18.0 0.0 
0.0 18.0 21.0 16.0 24.0 
13.0 0.0 22.0 7.0 3.0 
22.0 15.0 0.0 4.0 9.0 
11.0 10.0 21.0 0.0 2.0 
1.0 23.0 18.0 1.0 0.0 
0.0 14.0 13.0 16.0 15.0 
13.0 0.0 1.0 20.0 24.0 
12.0 13.0 0.0 11.0 12.0 
20.0 23.0 13.0 0.0 24.0 
10.0 22.0 0.0 4.0 0.0 
0.0 5.0 7.0 5.0 14.0 
11.0 0.0 9.0 0.0 16.0 
1.0 4.0 0.0 11.0 15.0 
21.0 15.0 12.0 0.0 5.0 
0.0 22.0 0.0 12.0 0.0 
0.0 2.0 16.0 10.0 12.0 
20.0 0.0 9.0 8.0 19.0 
15.0 16.0 0.0 20.0 9.0 
14.0 20.0 14.0 0.0 8.0 
10.0 0.0 0.0 2.0 0.0 
0.0 13.0 14.0 9.0 9.0 
21.0 0.0 12.0 19.0 12.0 
6.0 5.0 0.0 5.0 0.0 
21.0 0.0 23.0 0.0 1.0 
24.0 5.0 15.0 20.0 0.0 
0.0 15.0 14.0 22.0 7.0 
24.0 0.0 20.0 15.0 9.0 
15.0 12.0 0.0 0.0 14.0 
22.0 2.0 17.0 0.0 2.0 
7.0 12.0 22.0 22.0 0.0 
0.0 21.0 2.0 17.0 24.0 
15.0 0.0 7.0 18.0 8.0 
15.0 3.0 0.0 16.0 17.0 
2.0 4.0 21.0 0.0 0.0 
1.0 3.0 23.0 9.0 0.0 
0.0 12.0 20.0 9.0 9.0 
20.0 0.0 6.0 19.0 6.0 
15.0 9.0 0.0 7.0 6.0 
1.0 24.0 4.0 0.0 17.0 
5.0 13.0 20.0 19.0 0.0 
0.0 10.0 11.0 16.0 2.0 
22.0 0.0 23.0 2.0 8.0 
14.0 17.0 0.0 14.0 13.0 
20.0 23.0 18.0 0.0 5.0 
4.0 15.0 5.0 16.0 0.0 
0.0 1.0 10.0 22.0 21.0 
9.0 0.0 3.0 10.0 23.0 
12.0 20.0 0.0 21.0 6.0 
24.0 4.0 24.0 0.0 16.0 
6.0 10.0 15.0 2.0 0.0 
