0.0 6.0 4.0 14.0 24.0 
5.0 0.0 24.0 13.0 15.0 
5.0 15.0 0.0 1.0 23.0 
14.0 3.0 22.0 0.0 19.0 
14.0 9.0 9.0 10.0 0.0 
0.0 19.0 22.0 2.0 3.0 
5.0 0.0 18.0 1.0 19.0 
10.0 12.0 0.0 16.0 16.0 
14.0 14.0 19.0 0.0 11.0 
13.0 0.0 10.0 6.0 0.0 
0.0 2.0 2.0 10.0 19.0 
20.0 0.0 22.0 19.0 13.0 
15.0 17.0 0.0 21.0 5.0 
20.0 8.0 0.0 0.0 7.0 
1.0 21.0 16.0 7.0 0.0 
0.0 24.0 19.0 9.0 14.0 
11.0 0.0 12.0 15.0 17.0 
12.0 23.0 0.0 23.0 17.0 
13.0 10.0 1.0 0.0 11.0 
24.0 18.0 11.0 8.0 0.0 
0.0 0.0 18.0 1.0 7.0 
21.0 0.0 23.0 24.0 23.0 
21.0 23.0 0.0 10.0 1.0 
8.0 15.0 0.0 0.0 17.0 
0.0 0.0 15.0 24.0 0.0 
0.0 17.0 24.0 18.0 13.0 
14.0 0.0 15.0 22.0 24.0 
14.0 11.0 0.0 19.0 24.0 
8.0 2.0 5.0 0.0 3.0 
6.0 6.0 22.0 2.0 0.0 
0.0 2.0 7.0 24.0 19.0 
14.0 0.0 7.0 4.0 14.0 
7.0 20.0 0.0 15.0 19.0 
18.0 19.0 2.0 0.0 11.0 
2.0 7.0 16.0 21.0 0.0 
0.0 5.0 7.0 21.0 3.0 
17.0 0.0 21.0 8.0 20.0 
4.0 13.0 0.0 17.0 2.0 
4.0 24.0 10.0 0.0 1.0 
17.0 12.0 15.0 1.0 0.0 
0.0 22.0 23.0 2.0 21.0 
6.0 0.0 2.0 22.0 2.0 
4.0 22.0 0.0 4.0 24.0 
21.0 13.0 13.0 0.0 7.0 
14.0 18.0 24.0 24.0 0.0 
0.0 2.0 6.0 24.0 18.0 
3.0 0.0 21.0 20.0 21.0 
10.0 6.0 0.0 1.0 24.0 
12.0 14.0 20.0 0.0 13.0 
10.0 4.0 23.0 13.0 0.0 
0.0 6.0 7.0 12.0 4.0 
18.0 0.0 8.0 23.0 20.0 
7.0 6.0 0.0 16.0 17.0 
23.0 7.0 21.0 0.0 3.0 
17.0 13.0 17.0 16.0 0.0 
0.0 5.0 3.0 17.0 6.0 
23.0 0.0 15.0 12.0 15.0 
1.0 5.0 0.0 23.0 19.0 
14.0 4.0 4.0 0.0 16.0 
5.0 7.0 9.0 1.0 0.0 
