0.0 18.0 3.0 6.0 14.0 
7.0 0.0 23.0 22.0 23.0 
8.0 19.0 0.0 19.0 3.0 
8.0 5.0 7.0 0.0 16.0 
8.0 24.0 18.0 24.0 0.0 
0.0 2.0 3.0 11.0 19.0 
6.0 0.0 6.0 8.0 9.0 
9.0 22.0 0.0 8.0 15.0 
10.0 12.0 0.0 0.0 15.0 
4.0 8.0 4.0 19.0 0.0 
0.0 16.0 22.0 20.0 17.0 
1.0 0.0 21.0 19.0 13.0 
16.0 1.0 0.0 8.0 7.0 
11.0 1.0 23.0 0.0 5.0 
1.0 13.0 24.0 3.0 0.0 
0.0 23.0 7.0 18.0 11.0 
24.0 0.0 22.0 17.0 22.0 
15.0 10.0 0.0 17.0 12.0 
19.0 20.0 13.0 0.0 23.0 
24.0 21.0 18.0 16.0 0.0 
0.0 17.0 16.0 2.0 4.0 
6.0 0.0 9.0 3.0 9.0 
4.0 18.0 0.0 24.0 15.0 
20.0 3.0 14.0 0.0 4.0 
7.0 1.0 22.0 4.0 0.0 
0.0 3.0 22.0 5.0 11.0 
7.0 0.0 19.0 15.0 2.0 
8.0 16.0 0.0 15.0 15.0 
15.0 20.0 6.0 0.0 12.0 
11.0 24.0 3.0 6.0 0.0 
0.0 1.0 13.0 6.0 20.0 
3.0 0.0 5.0 6.0 0.0 
20.0 20.0 0.0 0.0 2.0 
12.0 16.0 9.0 0.0 5.0 
6.0 22.0 18.0 11.0 0.0 
0.0 17.0 16.0 4.0 6.0 
20.0 0.0 23.0 12.0 13.0 
21.0 7.0 0.0 1.0 24.0 
2.0 1.0 20.0 0.0 6.0 
8.0 16.0 20.0 12.0 0.0 
0.0 14.0 11.0 1.0 9.0 
4.0 0.0 22.0 0.0 6.0 
10.0 15.0 0.0 8.0 7.0 
11.0 2.0 17.0 0.0 4.0 
19.0 2.0 2.0 11.0 0.0 
0.0 14.0 14.0 23.0 0.0 
6.0 0.0 23.0 16.0 21.0 
16.0 1.0 0.0 11.0 8.0 
21.0 13.0 19.0 0.0 6.0 
5.0 10.0 7.0 13.0 0.0 
0.0 18.0 8.0 1.0 7.0 
19.0 0.0 21.0 22.0 21.0 
17.0 20.0 0.0 2.0 9.0 
24.0 3.0 16.0 0.0 3.0 
2.0 0.0 8.0 24.0 0.0 
0.0 6.0 18.0 3.0 21.0 
22.0 0.0 6.0 11.0 7.0 
11.0 21.0 0.0 22.0 15.0 
8.0 12.0 5.0 0.0 7.0 
15.0 8.0 2.0 15.0 0.0 
