0.0 6.0 4.0 23.0 0.0 
8.0 0.0 19.0 24.0 14.0 
11.0 14.0 0.0 22.0 17.0 
5.0 4.0 3.0 0.0 13.0 
23.0 21.0 6.0 8.0 0.0 
0.0 14.0 11.0 2.0 20.0 
20.0 0.0 19.0 10.0 24.0 
8.0 23.0 0.0 8.0 17.0 
13.0 20.0 0.0 0.0 21.0 
11.0 2.0 10.0 2.0 0.0 
0.0 5.0 10.0 23.0 23.0 
1.0 0.0 2.0 16.0 3.0 
23.0 12.0 0.0 0.0 1.0 
3.0 24.0 9.0 0.0 4.0 
18.0 5.0 10.0 4.0 0.0 
0.0 4.0 16.0 9.0 1.0 
16.0 0.0 6.0 4.0 18.0 
9.0 11.0 0.0 23.0 4.0 
4.0 10.0 21.0 0.0 11.0 
10.0 10.0 2.0 4.0 0.0 
0.0 4.0 7.0 2.0 19.0 
9.0 0.0 12.0 16.0 7.0 
6.0 15.0 0.0 3.0 3.0 
8.0 12.0 10.0 0.0 5.0 
17.0 16.0 13.0 6.0 0.0 
0.0 8.0 3.0 11.0 24.0 
23.0 0.0 7.0 20.0 15.0 
1.0 1.0 0.0 6.0 1.0 
7.0 10.0 17.0 0.0 2.0 
13.0 14.0 1.0 1.0 0.0 
0.0 17.0 3.0 6.0 4.0 
8.0 0.0 24.0 20.0 17.0 
0.0 1.0 0.0 8.0 16.0 
17.0 21.0 24.0 0.0 19.0 
14.0 13.0 22.0 14.0 0.0 
0.0 15.0 0.0 13.0 1.0 
4.0 0.0 19.0 19.0 2.0 
24.0 13.0 0.0 17.0 20.0 
5.0 17.0 9.0 0.0 10.0 
20.0 15.0 17.0 11.0 0.0 
0.0 10.0 7.0 2.0 3.0 
1.0 0.0 4.0 13.0 21.0 
8.0 2.0 0.0 0.0 9.0 
24.0 23.0 7.0 0.0 14.0 
9.0 19.0 11.0 3.0 0.0 
0.0 12.0 15.0 2.0 18.0 
3.0 0.0 12.0 4.0 21.0 
3.0 11.0 0.0 24.0 5.0 
11.0 8.0 15.0 0.0 10.0 
2.0 5.0 20.0 10.0 0.0 
0.0 3.0 17.0 10.0 23.0 
8.0 0.0 14.0 13.0 21.0 
16.0 9.0 0.0 11.0 22.0 
5.0 17.0 0.0 0.0 23.0 
22.0 2.0 3.0 23.0 0.0 
0.0 12.0 4.0 7.0 13.0 
19.0 0.0 24.0 12.0 24.0 
4.0 11.0 0.0 9.0 21.0 
14.0 15.0 24.0 0.0 7.0 
4.0 9.0 15.0 8.0 0.0 
