0.0 10.0 10.0 3.0 14.0 
12.0 0.0 21.0 20.0 21.0 
21.0 3.0 0.0 24.0 5.0 
12.0 24.0 17.0 0.0 3.0 
5.0 7.0 4.0 18.0 0.0 
0.0 24.0 10.0 18.0 23.0 
3.0 0.0 13.0 6.0 19.0 
14.0 21.0 0.0 0.0 23.0 
4.0 17.0 4.0 0.0 19.0 
11.0 13.0 12.0 15.0 0.0 
0.0 11.0 5.0 11.0 3.0 
10.0 0.0 16.0 6.0 18.0 
13.0 13.0 0.0 17.0 5.0 
21.0 18.0 22.0 0.0 16.0 
18.0 10.0 2.0 23.0 0.0 
0.0 10.0 24.0 20.0 9.0 
20.0 0.0 17.0 13.0 15.0 
15.0 7.0 0.0 12.0 0.0 
19.0 0.0 8.0 0.0 15.0 
14.0 9.0 10.0 13.0 0.0 
0.0 1.0 0.0 16.0 20.0 
17.0 0.0 18.0 18.0 21.0 
12.0 10.0 0.0 15.0 7.0 
21.0 24.0 5.0 0.0 24.0 
2.0 5.0 4.0 18.0 0.0 
0.0 10.0 1.0 12.0 16.0 
0.0 0.0 18.0 17.0 19.0 
13.0 22.0 0.0 21.0 10.0 
9.0 1.0 19.0 0.0 21.0 
12.0 10.0 8.0 3.0 0.0 
0.0 22.0 22.0 0.0 21.0 
10.0 0.0 8.0 24.0 15.0 
1.0 1.0 0.0 1.0 9.0 
22.0 17.0 13.0 0.0 12.0 
16.0 20.0 7.0 3.0 0.0 
0.0 16.0 18.0 8.0 11.0 
16.0 0.0 11.0 4.0 1.0 
23.0 5.0 0.0 18.0 21.0 
23.0 0.0 21.0 0.0 18.0 
17.0 21.0 17.0 15.0 0.0 
0.0 8.0 10.0 18.0 4.0 
0.0 0.0 8.0 20.0 0.0 
24.0 6.0 0.0 0.0 8.0 
3.0 9.0 20.0 0.0 22.0 
24.0 8.0 19.0 0.0 0.0 
0.0 9.0 8.0 1.0 9.0 
4.0 0.0 12.0 7.0 21.0 
20.0 6.0 0.0 9.0 24.0 
15.0 9.0 17.0 0.0 16.0 
11.0 21.0 0.0 0.0 0.0 
0.0 3.0 18.0 8.0 22.0 
12.0 0.0 20.0 12.0 1.0 
16.0 16.0 0.0 21.0 14.0 
20.0 2.0 12.0 0.0 7.0 
3.0 23.0 18.0 22.0 0.0 
0.0 15.0 16.0 3.0 1.0 
4.0 0.0 6.0 6.0 12.0 
20.0 6.0 0.0 12.0 21.0 
21.0 12.0 24.0 0.0 8.0 
20.0 13.0 9.0 20.0 0.0 
