0.0 0.0 22.0 7.0 24.0 
23.0 0.0 11.0 7.0 0.0 
0.0 24.0 0.0 18.0 6.0 
8.0 5.0 2.0 0.0 11.0 
18.0 12.0 17.0 22.0 0.0 
0.0 22.0 4.0 24.0 8.0 
0.0 0.0 16.0 23.0 18.0 
8.0 10.0 0.0 3.0 14.0 
16.0 24.0 0.0 0.0 3.0 
0.0 0.0 10.0 9.0 0.0 
0.0 9.0 17.0 3.0 14.0 
13.0 0.0 22.0 20.0 7.0 
2.0 8.0 0.0 1.0 2.0 
0.0 11.0 23.0 0.0 3.0 
17.0 10.0 8.0 20.0 0.0 
0.0 16.0 7.0 12.0 9.0 
20.0 0.0 22.0 7.0 0.0 
1.0 21.0 0.0 4.0 23.0 
12.0 22.0 23.0 0.0 0.0 
5.0 16.0 9.0 19.0 0.0 
0.0 12.0 12.0 14.0 20.0 
24.0 0.0 23.0 13.0 12.0 
22.0 24.0 0.0 16.0 12.0 
16.0 20.0 13.0 0.0 1.0 
4.0 13.0 14.0 12.0 0.0 
0.0 6.0 11.0 20.0 1.0 
9.0 0.0 23.0 16.0 9.0 
24.0 17.0 0.0 17.0 12.0 
13.0 13.0 13.0 0.0 24.0 
3.0 12.0 4.0 16.0 0.0 
0.0 2.0 10.0 13.0 7.0 
5.0 0.0 4.0 2.0 0.0 
7.0 16.0 0.0 0.0 12.0 
20.0 10.0 20.0 0.0 5.0 
22.0 5.0 21.0 7.0 0.0 
0.0 24.0 10.0 0.0 2.0 
9.0 0.0 22.0 14.0 23.0 
5.0 19.0 0.0 10.0 24.0 
9.0 17.0 6.0 0.0 11.0 
23.0 8.0 20.0 18.0 0.0 
0.0 10.0 0.0 3.0 0.0 
12.0 0.0 6.0 23.0 12.0 
14.0 2.0 0.0 14.0 10.0 
4.0 9.0 23.0 0.0 15.0 
9.0 9.0 13.0 20.0 0.0 
0.0 6.0 22.0 4.0 2.0 
23.0 0.0 15.0 2.0 18.0 
24.0 22.0 0.0 19.0 16.0 
8.0 9.0 9.0 0.0 20.0 
20.0 20.0 0.0 8.0 0.0 
0.0 4.0 2.0 14.0 1.0 
15.0 0.0 5.0 16.0 2.0 
19.0 14.0 0.0 17.0 19.0 
18.0 14.0 9.0 0.0 23.0 
10.0 15.0 11.0 7.0 0.0 
0.0 9.0 16.0 24.0 22.0 
8.0 0.0 12.0 23.0 12.0 
20.0 23.0 0.0 1.0 18.0 
2.0 14.0 19.0 0.0 17.0 
14.0 10.0 2.0 20.0 0.0 
