0.0 11.0 4.0 13.0 22.0 
12.0 0.0 10.0 7.0 18.0 
5.0 1.0 0.0 18.0 3.0 
13.0 20.0 13.0 0.0 23.0 
18.0 7.0 5.0 4.0 0.0 
0.0 22.0 13.0 16.0 19.0 
15.0 0.0 10.0 18.0 6.0 
23.0 9.0 0.0 15.0 1.0 
3.0 2.0 2.0 0.0 1.0 
6.0 6.0 0.0 21.0 0.0 
0.0 7.0 22.0 18.0 2.0 
23.0 0.0 17.0 10.0 7.0 
8.0 1.0 0.0 18.0 8.0 
5.0 8.0 22.0 0.0 7.0 
4.0 23.0 13.0 18.0 0.0 
0.0 13.0 14.0 1.0 16.0 
22.0 0.0 23.0 17.0 20.0 
15.0 10.0 0.0 24.0 24.0 
17.0 1.0 22.0 0.0 8.0 
4.0 18.0 4.0 10.0 0.0 
0.0 20.0 1.0 14.0 7.0 
16.0 0.0 9.0 18.0 8.0 
12.0 6.0 0.0 17.0 21.0 
18.0 1.0 22.0 0.0 2.0 
11.0 12.0 8.0 11.0 0.0 
0.0 10.0 11.0 3.0 19.0 
2.0 0.0 14.0 21.0 23.0 
20.0 11.0 0.0 1.0 15.0 
9.0 19.0 12.0 0.0 3.0 
20.0 1.0 2.0 24.0 0.0 
0.0 18.0 5.0 12.0 4.0 
7.0 0.0 9.0 2.0 1.0 
2.0 6.0 0.0 17.0 8.0 
4.0 9.0 22.0 0.0 0.0 
20.0 18.0 3.0 22.0 0.0 
0.0 11.0 3.0 22.0 23.0 
2.0 0.0 7.0 24.0 6.0 
12.0 14.0 0.0 10.0 6.0 
10.0 17.0 13.0 0.0 17.0 
20.0 24.0 1.0 21.0 0.0 
0.0 2.0 24.0 20.0 24.0 
5.0 0.0 3.0 13.0 20.0 
4.0 2.0 0.0 18.0 24.0 
9.0 11.0 1.0 0.0 7.0 
1.0 0.0 12.0 16.0 0.0 
0.0 4.0 4.0 0.0 11.0 
24.0 0.0 13.0 11.0 19.0 
16.0 23.0 0.0 8.0 3.0 
17.0 21.0 5.0 0.0 24.0 
7.0 9.0 20.0 18.0 0.0 
0.0 8.0 11.0 15.0 7.0 
6.0 0.0 1.0 6.0 0.0 
0.0 12.0 0.0 17.0 12.0 
21.0 1.0 9.0 0.0 19.0 
1.0 17.0 9.0 24.0 0.0 
0.0 14.0 0.0 15.0 12.0 
20.0 0.0 24.0 12.0 18.0 
23.0 24.0 0.0 15.0 1.0 
14.0 0.0 1.0 0.0 15.0 
2.0 23.0 3.0 12.0 0.0 
