0.0 0.0 7.0 0.0 4.0 
23.0 0.0 16.0 18.0 0.0 
8.0 5.0 0.0 22.0 17.0 
10.0 12.0 23.0 0.0 5.0 
14.0 9.0 0.0 14.0 0.0 
0.0 15.0 4.0 6.0 5.0 
19.0 0.0 10.0 19.0 7.0 
3.0 23.0 0.0 12.0 22.0 
23.0 13.0 12.0 0.0 13.0 
5.0 16.0 10.0 19.0 0.0 
0.0 7.0 2.0 14.0 4.0 
16.0 0.0 13.0 12.0 6.0 
14.0 23.0 0.0 19.0 1.0 
20.0 7.0 1.0 0.0 7.0 
0.0 6.0 11.0 3.0 0.0 
0.0 22.0 0.0 21.0 10.0 
5.0 0.0 3.0 17.0 17.0 
5.0 4.0 0.0 18.0 15.0 
5.0 14.0 10.0 0.0 23.0 
1.0 3.0 5.0 19.0 0.0 
0.0 21.0 9.0 16.0 12.0 
14.0 0.0 13.0 0.0 5.0 
13.0 3.0 0.0 23.0 22.0 
23.0 19.0 3.0 0.0 11.0 
11.0 11.0 6.0 0.0 0.0 
0.0 7.0 12.0 5.0 14.0 
23.0 0.0 2.0 14.0 1.0 
3.0 7.0 0.0 18.0 4.0 
15.0 16.0 20.0 0.0 7.0 
18.0 14.0 7.0 19.0 0.0 
0.0 8.0 18.0 9.0 5.0 
22.0 0.0 10.0 23.0 2.0 
16.0 13.0 0.0 15.0 5.0 
6.0 8.0 0.0 0.0 18.0 
4.0 2.0 16.0 0.0 0.0 
0.0 6.0 9.0 2.0 15.0 
22.0 0.0 0.0 0.0 2.0 
6.0 3.0 0.0 4.0 17.0 
3.0 21.0 23.0 0.0 23.0 
21.0 7.0 6.0 7.0 0.0 
0.0 10.0 23.0 8.0 22.0 
22.0 0.0 17.0 7.0 8.0 
3.0 16.0 0.0 19.0 8.0 
16.0 12.0 17.0 0.0 19.0 
16.0 16.0 21.0 24.0 0.0 
0.0 9.0 11.0 6.0 22.0 
0.0 0.0 20.0 8.0 3.0 
15.0 19.0 0.0 22.0 0.0 
2.0 10.0 8.0 0.0 20.0 
23.0 21.0 24.0 18.0 0.0 
0.0 6.0 14.0 15.0 2.0 
13.0 0.0 20.0 12.0 14.0 
14.0 5.0 0.0 12.0 18.0 
24.0 12.0 6.0 0.0 0.0 
21.0 23.0 19.0 21.0 0.0 
0.0 7.0 5.0 18.0 8.0 
5.0 0.0 19.0 6.0 13.0 
3.0 22.0 0.0 19.0 4.0 
8.0 1.0 16.0 0.0 15.0 
21.0 1.0 12.0 4.0 0.0 
