0.0 16.0 12.0 13.0 8.0 
21.0 0.0 24.0 14.0 20.0 
16.0 8.0 0.0 5.0 1.0 
22.0 24.0 12.0 0.0 14.0 
12.0 22.0 14.0 0.0 0.0 
0.0 15.0 1.0 7.0 24.0 
20.0 0.0 19.0 21.0 24.0 
8.0 10.0 0.0 10.0 1.0 
22.0 7.0 0.0 0.0 14.0 
21.0 17.0 21.0 21.0 0.0 
0.0 9.0 8.0 23.0 2.0 
9.0 0.0 0.0 7.0 16.0 
15.0 11.0 0.0 11.0 11.0 
6.0 17.0 17.0 0.0 2.0 
5.0 19.0 10.0 24.0 0.0 
0.0 21.0 5.0 15.0 11.0 
11.0 0.0 3.0 5.0 12.0 
2.0 2.0 0.0 13.0 9.0 
9.0 9.0 9.0 0.0 1.0 
20.0 0.0 20.0 23.0 0.0 
0.0 21.0 11.0 11.0 24.0 
2.0 0.0 18.0 17.0 8.0 
22.0 20.0 0.0 22.0 0.0 
15.0 16.0 2.0 0.0 4.0 
6.0 1.0 3.0 12.0 0.0 
0.0 10.0 23.0 21.0 22.0 
22.0 0.0 18.0 5.0 8.0 
7.0 16.0 0.0 13.0 18.0 
1.0 4.0 12.0 0.0 19.0 
20.0 18.0 12.0 21.0 0.0 
0.0 17.0 16.0 22.0 0.0 
7.0 0.0 6.0 9.0 21.0 
9.0 4.0 0.0 12.0 15.0 
16.0 7.0 14.0 0.0 17.0 
17.0 23.0 14.0 19.0 0.0 
0.0 9.0 13.0 21.0 4.0 
8.0 0.0 21.0 0.0 16.0 
12.0 4.0 0.0 6.0 6.0 
12.0 4.0 24.0 0.0 5.0 
21.0 9.0 11.0 8.0 0.0 
0.0 5.0 9.0 20.0 21.0 
20.0 0.0 17.0 22.0 15.0 
10.0 5.0 0.0 2.0 6.0 
8.0 13.0 6.0 0.0 11.0 
11.0 5.0 19.0 14.0 0.0 
0.0 10.0 22.0 1.0 3.0 
11.0 0.0 19.0 17.0 9.0 
16.0 23.0 0.0 14.0 12.0 
7.0 11.0 8.0 0.0 17.0 
0.0 22.0 13.0 11.0 0.0 
0.0 4.0 9.0 4.0 23.0 
16.0 0.0 15.0 9.0 1.0 
14.0 15.0 0.0 23.0 23.0 
17.0 10.0 9.0 0.0 6.0 
19.0 2.0 19.0 1.0 0.0 
0.0 21.0 6.0 8.0 11.0 
10.0 0.0 22.0 11.0 20.0 
13.0 14.0 0.0 8.0 20.0 
13.0 7.0 18.0 0.0 22.0 
10.0 12.0 6.0 15.0 0.0 
