0.0 15.0 19.0 22.0 2.0 
13.0 0.0 4.0 12.0 4.0 
18.0 10.0 0.0 18.0 13.0 
20.0 16.0 13.0 0.0 5.0 
11.0 6.0 15.0 15.0 0.0 
0.0 18.0 8.0 15.0 23.0 
7.0 0.0 14.0 0.0 23.0 
20.0 0.0 0.0 2.0 8.0 
19.0 21.0 3.0 0.0 20.0 
12.0 10.0 6.0 12.0 0.0 
0.0 21.0 0.0 7.0 21.0 
9.0 0.0 8.0 7.0 6.0 
8.0 9.0 0.0 20.0 7.0 
13.0 3.0 10.0 0.0 4.0 
13.0 16.0 2.0 17.0 0.0 
0.0 20.0 13.0 9.0 23.0 
7.0 0.0 14.0 15.0 4.0 
17.0 19.0 0.0 15.0 12.0 
23.0 16.0 7.0 0.0 12.0 
6.0 24.0 24.0 13.0 0.0 
0.0 3.0 6.0 1.0 16.0 
22.0 0.0 18.0 10.0 12.0 
22.0 10.0 0.0 24.0 13.0 
22.0 0.0 7.0 0.0 17.0 
8.0 3.0 10.0 22.0 0.0 
0.0 12.0 15.0 24.0 24.0 
9.0 0.0 20.0 10.0 15.0 
11.0 3.0 0.0 21.0 8.0 
2.0 11.0 14.0 0.0 15.0 
17.0 19.0 9.0 18.0 0.0 
0.0 1.0 3.0 22.0 3.0 
18.0 0.0 1.0 14.0 3.0 
22.0 7.0 0.0 18.0 24.0 
5.0 13.0 14.0 0.0 22.0 
3.0 3.0 3.0 7.0 0.0 
0.0 19.0 8.0 2.0 10.0 
19.0 0.0 11.0 21.0 4.0 
18.0 8.0 0.0 20.0 7.0 
11.0 2.0 12.0 0.0 1.0 
15.0 24.0 15.0 15.0 0.0 
0.0 19.0 10.0 7.0 14.0 
0.0 0.0 5.0 21.0 0.0 
11.0 4.0 0.0 19.0 21.0 
14.0 4.0 1.0 0.0 13.0 
8.0 5.0 11.0 21.0 0.0 
0.0 18.0 5.0 23.0 16.0 
20.0 0.0 3.0 4.0 14.0 
9.0 19.0 0.0 14.0 1.0 
14.0 8.0 14.0 0.0 17.0 
22.0 20.0 13.0 23.0 0.0 
0.0 14.0 24.0 19.0 6.0 
5.0 0.0 11.0 1.0 11.0 
16.0 3.0 0.0 15.0 5.0 
0.0 0.0 10.0 0.0 21.0 
0.0 4.0 1.0 7.0 0.0 
0.0 21.0 4.0 11.0 1.0 
11.0 0.0 11.0 10.0 3.0 
2.0 4.0 0.0 24.0 5.0 
6.0 20.0 16.0 0.0 0.0 
4.0 21.0 0.0 11.0 0.0 
