0.0 21.0 13.0 19.0 19.0 
9.0 0.0 19.0 15.0 10.0 
22.0 14.0 0.0 13.0 22.0 
23.0 2.0 17.0 0.0 8.0 
13.0 8.0 24.0 9.0 0.0 
0.0 19.0 1.0 17.0 24.0 
5.0 0.0 15.0 22.0 7.0 
15.0 12.0 0.0 1.0 15.0 
15.0 5.0 14.0 0.0 22.0 
23.0 3.0 19.0 2.0 0.0 
0.0 10.0 1.0 14.0 17.0 
18.0 0.0 14.0 4.0 24.0 
23.0 20.0 0.0 9.0 1.0 
20.0 18.0 9.0 0.0 9.0 
21.0 22.0 3.0 5.0 0.0 
0.0 19.0 9.0 14.0 14.0 
9.0 0.0 6.0 12.0 6.0 
8.0 6.0 0.0 4.0 16.0 
10.0 11.0 12.0 0.0 23.0 
6.0 6.0 6.0 8.0 0.0 
0.0 11.0 12.0 21.0 9.0 
24.0 0.0 21.0 13.0 0.0 
4.0 15.0 0.0 19.0 5.0 
13.0 9.0 4.0 0.0 19.0 
19.0 0.0 7.0 6.0 0.0 
0.0 7.0 17.0 11.0 0.0 
16.0 0.0 11.0 4.0 8.0 
21.0 21.0 0.0 9.0 22.0 
23.0 22.0 21.0 0.0 17.0 
15.0 9.0 0.0 24.0 0.0 
0.0 18.0 7.0 10.0 24.0 
10.0 0.0 21.0 7.0 24.0 
1.0 24.0 0.0 7.0 7.0 
11.0 22.0 4.0 0.0 19.0 
14.0 16.0 21.0 23.0 0.0 
0.0 1.0 8.0 17.0 12.0 
14.0 0.0 15.0 24.0 1.0 
3.0 0.0 0.0 10.0 12.0 
1.0 22.0 24.0 0.0 5.0 
5.0 17.0 22.0 4.0 0.0 
0.0 13.0 19.0 22.0 21.0 
14.0 0.0 16.0 24.0 22.0 
13.0 14.0 0.0 6.0 12.0 
3.0 18.0 10.0 0.0 23.0 
18.0 12.0 6.0 22.0 0.0 
0.0 23.0 3.0 22.0 8.0 
1.0 0.0 4.0 12.0 18.0 
5.0 18.0 0.0 1.0 15.0 
13.0 22.0 5.0 0.0 11.0 
0.0 9.0 3.0 0.0 0.0 
0.0 3.0 15.0 9.0 2.0 
23.0 0.0 23.0 15.0 6.0 
21.0 24.0 0.0 3.0 2.0 
14.0 10.0 1.0 0.0 2.0 
7.0 15.0 15.0 2.0 0.0 
0.0 16.0 11.0 9.0 22.0 
9.0 0.0 12.0 18.0 9.0 
23.0 10.0 0.0 4.0 24.0 
24.0 4.0 11.0 0.0 20.0 
3.0 17.0 11.0 23.0 0.0 
