0.0 22.0 11.0 11.0 4.0 
6.0 0.0 10.0 4.0 19.0 
4.0 10.0 0.0 11.0 5.0 
10.0 6.0 23.0 0.0 11.0 
8.0 21.0 22.0 20.0 0.0 
0.0 24.0 6.0 24.0 20.0 
3.0 0.0 15.0 22.0 20.0 
12.0 20.0 0.0 10.0 1.0 
14.0 18.0 10.0 0.0 15.0 
24.0 23.0 19.0 8.0 0.0 
0.0 18.0 16.0 24.0 20.0 
4.0 0.0 0.0 13.0 24.0 
0.0 17.0 0.0 16.0 13.0 
23.0 4.0 13.0 0.0 4.0 
21.0 20.0 14.0 16.0 0.0 
0.0 6.0 22.0 3.0 17.0 
8.0 0.0 11.0 6.0 9.0 
5.0 18.0 0.0 16.0 4.0 
18.0 9.0 24.0 0.0 24.0 
15.0 15.0 5.0 16.0 0.0 
0.0 20.0 16.0 9.0 21.0 
13.0 0.0 13.0 9.0 23.0 
10.0 23.0 0.0 12.0 7.0 
0.0 4.0 19.0 0.0 0.0 
2.0 16.0 18.0 10.0 0.0 
0.0 3.0 3.0 2.0 21.0 
14.0 0.0 11.0 13.0 17.0 
7.0 6.0 0.0 4.0 21.0 
20.0 5.0 17.0 0.0 1.0 
23.0 22.0 4.0 3.0 0.0 
0.0 23.0 23.0 23.0 6.0 
12.0 0.0 13.0 6.0 12.0 
17.0 22.0 0.0 11.0 22.0 
22.0 7.0 2.0 0.0 13.0 
21.0 17.0 9.0 19.0 0.0 
0.0 10.0 15.0 14.0 17.0 
11.0 0.0 10.0 12.0 13.0 
9.0 10.0 0.0 14.0 14.0 
2.0 21.0 15.0 0.0 7.0 
13.0 4.0 2.0 0.0 0.0 
0.0 13.0 13.0 14.0 18.0 
8.0 0.0 13.0 19.0 14.0 
8.0 7.0 0.0 1.0 24.0 
24.0 20.0 12.0 0.0 2.0 
19.0 13.0 15.0 10.0 0.0 
0.0 22.0 13.0 5.0 18.0 
7.0 0.0 0.0 7.0 22.0 
19.0 6.0 0.0 20.0 9.0 
16.0 2.0 7.0 0.0 14.0 
22.0 18.0 12.0 3.0 0.0 
0.0 18.0 9.0 23.0 18.0 
21.0 0.0 23.0 16.0 16.0 
18.0 11.0 0.0 20.0 7.0 
0.0 13.0 21.0 0.0 24.0 
13.0 13.0 17.0 23.0 0.0 
0.0 7.0 1.0 1.0 1.0 
5.0 0.0 21.0 12.0 9.0 
11.0 14.0 0.0 17.0 14.0 
8.0 7.0 23.0 0.0 24.0 
2.0 5.0 10.0 2.0 0.0 
