0.0 22.0 12.0 9.0 13.0 
12.0 0.0 9.0 16.0 5.0 
14.0 4.0 0.0 11.0 5.0 
22.0 20.0 8.0 0.0 12.0 
16.0 20.0 18.0 22.0 0.0 
0.0 13.0 1.0 12.0 24.0 
3.0 0.0 9.0 1.0 0.0 
14.0 16.0 0.0 23.0 1.0 
7.0 12.0 4.0 0.0 23.0 
19.0 10.0 14.0 18.0 0.0 
0.0 5.0 15.0 5.0 0.0 
14.0 0.0 1.0 18.0 24.0 
4.0 6.0 0.0 17.0 5.0 
9.0 13.0 13.0 0.0 23.0 
7.0 5.0 5.0 14.0 0.0 
0.0 0.0 7.0 22.0 8.0 
20.0 0.0 5.0 19.0 20.0 
20.0 5.0 0.0 20.0 0.0 
6.0 1.0 6.0 0.0 20.0 
18.0 22.0 5.0 0.0 0.0 
0.0 17.0 24.0 15.0 6.0 
13.0 0.0 3.0 5.0 14.0 
21.0 18.0 0.0 16.0 1.0 
15.0 4.0 24.0 0.0 3.0 
13.0 7.0 4.0 12.0 0.0 
0.0 23.0 2.0 18.0 5.0 
17.0 0.0 13.0 3.0 9.0 
17.0 22.0 0.0 3.0 17.0 
10.0 1.0 6.0 0.0 7.0 
17.0 12.0 21.0 3.0 0.0 
0.0 15.0 13.0 14.0 11.0 
16.0 0.0 14.0 19.0 22.0 
14.0 4.0 0.0 2.0 11.0 
21.0 3.0 5.0 0.0 10.0 
18.0 21.0 12.0 1.0 0.0 
0.0 20.0 12.0 21.0 7.0 
10.0 0.0 7.0 21.0 18.0 
18.0 2.0 0.0 4.0 0.0 
5.0 23.0 23.0 0.0 18.0 
20.0 1.0 8.0 17.0 0.0 
0.0 3.0 9.0 14.0 11.0 
14.0 0.0 15.0 10.0 13.0 
9.0 3.0 0.0 17.0 15.0 
18.0 3.0 5.0 0.0 10.0 
20.0 2.0 23.0 5.0 0.0 
0.0 5.0 2.0 14.0 20.0 
22.0 0.0 10.0 13.0 13.0 
5.0 7.0 0.0 12.0 20.0 
9.0 0.0 13.0 0.0 19.0 
24.0 20.0 5.0 0.0 0.0 
0.0 17.0 3.0 13.0 2.0 
14.0 0.0 11.0 2.0 3.0 
9.0 15.0 0.0 22.0 12.0 
16.0 13.0 2.0 0.0 23.0 
15.0 17.0 12.0 6.0 0.0 
0.0 6.0 20.0 22.0 6.0 
6.0 0.0 10.0 5.0 2.0 
12.0 12.0 0.0 6.0 8.0 
0.0 17.0 12.0 0.0 4.0 
8.0 4.0 7.0 18.0 0.0 
