0.0 8.0 12.0 19.0 17.0 
21.0 0.0 14.0 7.0 17.0 
2.0 3.0 0.0 11.0 3.0 
24.0 21.0 9.0 0.0 10.0 
7.0 11.0 22.0 24.0 0.0 
0.0 22.0 22.0 1.0 9.0 
9.0 0.0 16.0 19.0 6.0 
23.0 4.0 0.0 2.0 9.0 
1.0 10.0 17.0 0.0 4.0 
4.0 13.0 24.0 9.0 0.0 
0.0 23.0 13.0 1.0 4.0 
10.0 0.0 24.0 24.0 9.0 
10.0 14.0 0.0 16.0 5.0 
2.0 24.0 2.0 0.0 6.0 
6.0 21.0 22.0 8.0 0.0 
0.0 22.0 9.0 8.0 13.0 
5.0 0.0 16.0 10.0 23.0 
19.0 15.0 0.0 1.0 2.0 
14.0 9.0 8.0 0.0 14.0 
16.0 2.0 3.0 16.0 0.0 
0.0 2.0 5.0 9.0 3.0 
22.0 0.0 14.0 9.0 14.0 
3.0 8.0 0.0 22.0 11.0 
15.0 8.0 9.0 0.0 9.0 
13.0 1.0 18.0 17.0 0.0 
0.0 24.0 23.0 15.0 24.0 
21.0 0.0 23.0 12.0 1.0 
19.0 9.0 0.0 24.0 12.0 
12.0 23.0 4.0 0.0 24.0 
9.0 17.0 17.0 16.0 0.0 
0.0 9.0 20.0 1.0 6.0 
18.0 0.0 3.0 15.0 11.0 
7.0 10.0 0.0 18.0 14.0 
19.0 12.0 18.0 0.0 12.0 
17.0 1.0 7.0 22.0 0.0 
0.0 14.0 5.0 5.0 3.0 
23.0 0.0 9.0 18.0 24.0 
10.0 10.0 0.0 0.0 5.0 
5.0 15.0 1.0 0.0 10.0 
5.0 3.0 9.0 2.0 0.0 
0.0 15.0 16.0 24.0 12.0 
20.0 0.0 6.0 1.0 8.0 
6.0 14.0 0.0 15.0 12.0 
16.0 0.0 11.0 0.0 8.0 
1.0 0.0 0.0 17.0 0.0 
0.0 24.0 18.0 5.0 0.0 
20.0 0.0 17.0 2.0 24.0 
19.0 23.0 0.0 18.0 22.0 
19.0 17.0 16.0 0.0 9.0 
12.0 18.0 17.0 15.0 0.0 
0.0 2.0 0.0 14.0 9.0 
15.0 0.0 7.0 18.0 17.0 
0.0 23.0 0.0 15.0 17.0 
16.0 20.0 13.0 0.0 0.0 
20.0 12.0 5.0 17.0 0.0 
0.0 9.0 20.0 19.0 12.0 
7.0 0.0 18.0 23.0 14.0 
20.0 20.0 0.0 14.0 12.0 
16.0 13.0 4.0 0.0 22.0 
18.0 22.0 20.0 0.0 0.0 
