0.0 12.0 19.0 21.0 16.0 
19.0 0.0 2.0 3.0 20.0 
6.0 20.0 0.0 3.0 6.0 
2.0 20.0 22.0 0.0 13.0 
20.0 2.0 9.0 3.0 0.0 
0.0 6.0 1.0 24.0 15.0 
7.0 0.0 15.0 22.0 15.0 
10.0 19.0 0.0 7.0 23.0 
16.0 12.0 8.0 0.0 5.0 
17.0 15.0 11.0 15.0 0.0 
0.0 9.0 8.0 0.0 15.0 
6.0 0.0 11.0 8.0 3.0 
17.0 7.0 0.0 7.0 21.0 
20.0 13.0 8.0 0.0 6.0 
20.0 5.0 6.0 1.0 0.0 
0.0 15.0 10.0 24.0 18.0 
19.0 0.0 17.0 23.0 12.0 
15.0 11.0 0.0 13.0 13.0 
16.0 5.0 9.0 0.0 7.0 
19.0 19.0 1.0 22.0 0.0 
0.0 2.0 16.0 7.0 4.0 
9.0 0.0 24.0 13.0 9.0 
24.0 10.0 0.0 2.0 20.0 
8.0 1.0 15.0 0.0 14.0 
22.0 1.0 17.0 5.0 0.0 
0.0 0.0 22.0 2.0 2.0 
13.0 0.0 17.0 2.0 17.0 
24.0 16.0 0.0 20.0 21.0 
17.0 23.0 15.0 0.0 0.0 
9.0 20.0 4.0 5.0 0.0 
0.0 19.0 15.0 8.0 21.0 
16.0 0.0 17.0 13.0 2.0 
5.0 17.0 0.0 12.0 1.0 
19.0 6.0 11.0 0.0 0.0 
22.0 19.0 13.0 1.0 0.0 
0.0 24.0 9.0 22.0 15.0 
3.0 0.0 10.0 23.0 17.0 
18.0 23.0 0.0 16.0 16.0 
12.0 14.0 7.0 0.0 2.0 
5.0 1.0 6.0 24.0 0.0 
0.0 8.0 6.0 20.0 20.0 
12.0 0.0 9.0 22.0 7.0 
2.0 19.0 0.0 12.0 13.0 
12.0 12.0 22.0 0.0 23.0 
6.0 5.0 22.0 0.0 0.0 
0.0 12.0 9.0 21.0 2.0 
14.0 0.0 3.0 15.0 7.0 
20.0 23.0 0.0 8.0 15.0 
8.0 2.0 15.0 0.0 15.0 
19.0 12.0 1.0 4.0 0.0 
0.0 24.0 0.0 15.0 0.0 
17.0 0.0 10.0 15.0 22.0 
14.0 4.0 0.0 20.0 17.0 
12.0 23.0 13.0 0.0 14.0 
9.0 4.0 18.0 4.0 0.0 
0.0 5.0 15.0 21.0 10.0 
7.0 0.0 7.0 23.0 4.0 
1.0 21.0 0.0 23.0 7.0 
15.0 11.0 1.0 0.0 3.0 
6.0 17.0 6.0 13.0 0.0 
