0.0 0.0 4.0 11.0 14.0 
10.0 0.0 18.0 21.0 2.0 
12.0 19.0 0.0 22.0 0.0 
23.0 0.0 20.0 0.0 24.0 
19.0 4.0 20.0 22.0 0.0 
0.0 17.0 15.0 18.0 17.0 
8.0 0.0 4.0 3.0 8.0 
16.0 4.0 0.0 19.0 15.0 
13.0 16.0 18.0 0.0 16.0 
6.0 2.0 15.0 19.0 0.0 
0.0 1.0 16.0 24.0 11.0 
14.0 0.0 24.0 15.0 24.0 
15.0 18.0 0.0 4.0 11.0 
0.0 4.0 21.0 0.0 3.0 
24.0 10.0 15.0 20.0 0.0 
0.0 3.0 9.0 1.0 13.0 
11.0 0.0 17.0 5.0 2.0 
13.0 11.0 0.0 5.0 0.0 
0.0 7.0 12.0 0.0 9.0 
14.0 1.0 20.0 12.0 0.0 
0.0 12.0 3.0 7.0 9.0 
8.0 0.0 22.0 22.0 8.0 
23.0 11.0 0.0 12.0 16.0 
9.0 18.0 16.0 0.0 2.0 
9.0 17.0 3.0 24.0 0.0 
0.0 22.0 10.0 15.0 19.0 
15.0 0.0 14.0 9.0 14.0 
24.0 2.0 0.0 2.0 11.0 
11.0 2.0 20.0 0.0 22.0 
15.0 0.0 3.0 11.0 0.0 
0.0 13.0 11.0 18.0 11.0 
2.0 0.0 19.0 2.0 9.0 
15.0 20.0 0.0 0.0 18.0 
13.0 12.0 19.0 0.0 20.0 
12.0 16.0 7.0 5.0 0.0 
0.0 17.0 10.0 14.0 1.0 
21.0 0.0 2.0 21.0 2.0 
23.0 24.0 0.0 2.0 23.0 
9.0 21.0 16.0 0.0 18.0 
12.0 11.0 1.0 13.0 0.0 
0.0 23.0 23.0 21.0 0.0 
21.0 0.0 4.0 1.0 2.0 
10.0 5.0 0.0 21.0 15.0 
3.0 21.0 8.0 0.0 22.0 
24.0 20.0 14.0 3.0 0.0 
0.0 23.0 20.0 6.0 8.0 
16.0 0.0 11.0 15.0 10.0 
5.0 23.0 0.0 16.0 16.0 
8.0 19.0 18.0 0.0 7.0 
14.0 6.0 13.0 4.0 0.0 
0.0 10.0 20.0 7.0 16.0 
7.0 0.0 1.0 15.0 9.0 
2.0 22.0 0.0 23.0 2.0 
3.0 6.0 24.0 0.0 11.0 
19.0 9.0 21.0 11.0 0.0 
0.0 7.0 20.0 2.0 24.0 
20.0 0.0 1.0 8.0 16.0 
17.0 9.0 0.0 12.0 16.0 
2.0 24.0 9.0 0.0 11.0 
10.0 15.0 6.0 20.0 0.0 
