0.0 9.0 21.0 1.0 14.0 
12.0 0.0 6.0 13.0 12.0 
15.0 10.0 0.0 1.0 18.0 
8.0 17.0 9.0 0.0 8.0 
11.0 13.0 17.0 3.0 0.0 
0.0 9.0 6.0 4.0 16.0 
17.0 0.0 2.0 19.0 12.0 
19.0 19.0 0.0 1.0 18.0 
21.0 14.0 17.0 0.0 5.0 
11.0 3.0 2.0 5.0 0.0 
0.0 17.0 9.0 14.0 14.0 
0.0 0.0 20.0 13.0 19.0 
24.0 22.0 0.0 14.0 3.0 
8.0 20.0 9.0 0.0 1.0 
18.0 12.0 5.0 24.0 0.0 
0.0 11.0 9.0 13.0 18.0 
4.0 0.0 21.0 23.0 9.0 
2.0 17.0 0.0 20.0 15.0 
12.0 18.0 5.0 0.0 19.0 
15.0 14.0 20.0 21.0 0.0 
0.0 8.0 10.0 14.0 7.0 
9.0 0.0 9.0 24.0 7.0 
21.0 1.0 0.0 15.0 22.0 
9.0 19.0 19.0 0.0 19.0 
5.0 14.0 21.0 11.0 0.0 
0.0 3.0 23.0 2.0 4.0 
2.0 0.0 11.0 3.0 4.0 
24.0 20.0 0.0 14.0 6.0 
20.0 19.0 15.0 0.0 17.0 
8.0 1.0 18.0 23.0 0.0 
0.0 12.0 16.0 23.0 2.0 
6.0 0.0 17.0 23.0 18.0 
16.0 21.0 0.0 11.0 1.0 
20.0 3.0 20.0 0.0 5.0 
3.0 12.0 11.0 13.0 0.0 
0.0 21.0 14.0 15.0 24.0 
19.0 0.0 1.0 12.0 21.0 
5.0 20.0 0.0 4.0 22.0 
3.0 1.0 15.0 0.0 19.0 
9.0 7.0 4.0 16.0 0.0 
0.0 23.0 15.0 7.0 9.0 
22.0 0.0 13.0 19.0 20.0 
10.0 3.0 0.0 5.0 6.0 
12.0 3.0 16.0 0.0 24.0 
12.0 7.0 21.0 13.0 0.0 
0.0 15.0 14.0 23.0 16.0 
18.0 0.0 9.0 14.0 24.0 
11.0 20.0 0.0 17.0 17.0 
8.0 2.0 21.0 0.0 19.0 
22.0 24.0 11.0 16.0 0.0 
0.0 2.0 9.0 5.0 4.0 
7.0 0.0 11.0 11.0 14.0 
16.0 6.0 0.0 24.0 23.0 
10.0 20.0 0.0 0.0 19.0 
5.0 16.0 23.0 12.0 0.0 
0.0 24.0 0.0 10.0 20.0 
4.0 0.0 15.0 15.0 9.0 
3.0 3.0 0.0 19.0 9.0 
18.0 3.0 13.0 0.0 12.0 
11.0 24.0 9.0 20.0 0.0 
