0.0 18.0 12.0 0.0 11.0 
5.0 0.0 4.0 14.0 13.0 
18.0 18.0 0.0 16.0 9.0 
23.0 3.0 23.0 0.0 9.0 
1.0 19.0 14.0 10.0 0.0 
0.0 5.0 24.0 22.0 24.0 
0.0 0.0 9.0 22.0 24.0 
18.0 11.0 0.0 18.0 9.0 
14.0 6.0 0.0 0.0 13.0 
7.0 8.0 13.0 9.0 0.0 
0.0 18.0 0.0 12.0 23.0 
18.0 0.0 5.0 19.0 5.0 
19.0 8.0 0.0 15.0 20.0 
0.0 14.0 11.0 0.0 3.0 
9.0 24.0 12.0 17.0 0.0 
0.0 20.0 8.0 6.0 2.0 
18.0 0.0 21.0 22.0 18.0 
18.0 12.0 0.0 0.0 6.0 
11.0 18.0 13.0 0.0 6.0 
2.0 23.0 1.0 22.0 0.0 
0.0 14.0 8.0 3.0 22.0 
8.0 0.0 0.0 23.0 4.0 
19.0 6.0 0.0 1.0 10.0 
16.0 24.0 13.0 0.0 18.0 
3.0 8.0 7.0 2.0 0.0 
0.0 3.0 19.0 10.0 17.0 
18.0 0.0 11.0 9.0 14.0 
2.0 3.0 0.0 22.0 3.0 
11.0 24.0 0.0 0.0 6.0 
14.0 5.0 18.0 15.0 0.0 
0.0 13.0 1.0 3.0 20.0 
3.0 0.0 18.0 6.0 22.0 
24.0 10.0 0.0 2.0 3.0 
9.0 2.0 17.0 0.0 16.0 
16.0 5.0 10.0 3.0 0.0 
0.0 15.0 9.0 6.0 6.0 
10.0 0.0 20.0 8.0 14.0 
12.0 21.0 0.0 15.0 6.0 
13.0 3.0 5.0 0.0 16.0 
12.0 17.0 1.0 14.0 0.0 
0.0 3.0 5.0 2.0 4.0 
24.0 0.0 12.0 13.0 10.0 
6.0 14.0 0.0 6.0 8.0 
11.0 11.0 12.0 0.0 2.0 
21.0 0.0 18.0 22.0 0.0 
0.0 23.0 24.0 1.0 13.0 
5.0 0.0 10.0 6.0 11.0 
2.0 3.0 0.0 21.0 4.0 
21.0 10.0 0.0 0.0 16.0 
8.0 23.0 9.0 0.0 0.0 
0.0 19.0 15.0 14.0 1.0 
9.0 0.0 19.0 3.0 19.0 
21.0 21.0 0.0 23.0 23.0 
21.0 4.0 15.0 0.0 10.0 
8.0 5.0 8.0 22.0 0.0 
0.0 16.0 22.0 8.0 24.0 
14.0 0.0 20.0 1.0 4.0 
9.0 3.0 0.0 2.0 22.0 
22.0 13.0 24.0 0.0 10.0 
14.0 10.0 15.0 24.0 0.0 
