0.0 1.0 21.0 0.0 8.0 
21.0 0.0 24.0 2.0 7.0 
3.0 14.0 0.0 14.0 20.0 
8.0 10.0 8.0 0.0 14.0 
3.0 5.0 8.0 10.0 0.0 
0.0 18.0 19.0 8.0 16.0 
3.0 0.0 4.0 9.0 20.0 
19.0 17.0 0.0 3.0 8.0 
0.0 16.0 3.0 0.0 18.0 
24.0 16.0 15.0 4.0 0.0 
0.0 4.0 11.0 16.0 8.0 
17.0 0.0 24.0 12.0 24.0 
9.0 20.0 0.0 5.0 3.0 
23.0 10.0 20.0 0.0 12.0 
13.0 13.0 3.0 24.0 0.0 
0.0 4.0 16.0 9.0 14.0 
20.0 0.0 16.0 23.0 0.0 
16.0 12.0 0.0 14.0 20.0 
16.0 15.0 12.0 0.0 18.0 
21.0 5.0 16.0 7.0 0.0 
0.0 13.0 1.0 13.0 12.0 
17.0 0.0 4.0 8.0 12.0 
9.0 20.0 0.0 5.0 6.0 
7.0 21.0 4.0 0.0 11.0 
7.0 23.0 11.0 12.0 0.0 
0.0 5.0 0.0 4.0 20.0 
24.0 0.0 23.0 21.0 15.0 
0.0 14.0 0.0 2.0 1.0 
9.0 24.0 15.0 0.0 6.0 
0.0 0.0 7.0 8.0 0.0 
0.0 24.0 10.0 4.0 12.0 
15.0 0.0 16.0 10.0 6.0 
12.0 16.0 0.0 14.0 2.0 
23.0 22.0 18.0 0.0 17.0 
21.0 8.0 15.0 4.0 0.0 
0.0 24.0 3.0 6.0 20.0 
11.0 0.0 3.0 3.0 23.0 
3.0 20.0 0.0 10.0 21.0 
3.0 4.0 13.0 0.0 1.0 
23.0 21.0 18.0 23.0 0.0 
0.0 9.0 22.0 7.0 3.0 
12.0 0.0 7.0 6.0 3.0 
14.0 9.0 0.0 9.0 20.0 
16.0 13.0 9.0 0.0 14.0 
11.0 5.0 7.0 8.0 0.0 
0.0 7.0 1.0 21.0 16.0 
6.0 0.0 3.0 3.0 22.0 
16.0 2.0 0.0 2.0 0.0 
24.0 17.0 10.0 0.0 13.0 
16.0 20.0 14.0 10.0 0.0 
0.0 6.0 20.0 19.0 1.0 
0.0 0.0 6.0 2.0 23.0 
24.0 7.0 0.0 0.0 17.0 
6.0 12.0 15.0 0.0 5.0 
7.0 11.0 16.0 24.0 0.0 
0.0 23.0 2.0 7.0 18.0 
5.0 0.0 24.0 18.0 14.0 
0.0 5.0 0.0 4.0 19.0 
24.0 10.0 8.0 0.0 8.0 
3.0 5.0 11.0 2.0 0.0 
