0.0 4.0 17.0 3.0 20.0 
8.0 0.0 18.0 0.0 9.0 
8.0 16.0 0.0 8.0 0.0 
21.0 14.0 15.0 0.0 2.0 
0.0 15.0 4.0 14.0 0.0 
0.0 11.0 3.0 12.0 4.0 
15.0 0.0 18.0 5.0 5.0 
22.0 13.0 0.0 2.0 20.0 
9.0 24.0 0.0 0.0 7.0 
13.0 21.0 21.0 13.0 0.0 
0.0 2.0 0.0 8.0 17.0 
1.0 0.0 10.0 10.0 3.0 
17.0 9.0 0.0 9.0 5.0 
11.0 17.0 4.0 0.0 15.0 
13.0 5.0 13.0 0.0 0.0 
0.0 14.0 3.0 10.0 4.0 
7.0 0.0 4.0 4.0 12.0 
14.0 8.0 0.0 3.0 17.0 
6.0 7.0 10.0 0.0 0.0 
4.0 15.0 6.0 23.0 0.0 
0.0 21.0 20.0 6.0 13.0 
4.0 0.0 9.0 4.0 15.0 
22.0 22.0 0.0 17.0 15.0 
23.0 5.0 5.0 0.0 0.0 
11.0 23.0 14.0 13.0 0.0 
0.0 6.0 21.0 1.0 24.0 
21.0 0.0 21.0 22.0 24.0 
3.0 0.0 0.0 24.0 14.0 
3.0 7.0 14.0 0.0 7.0 
13.0 21.0 3.0 12.0 0.0 
0.0 9.0 7.0 14.0 11.0 
9.0 0.0 13.0 8.0 15.0 
11.0 11.0 0.0 11.0 6.0 
24.0 17.0 10.0 0.0 21.0 
14.0 14.0 15.0 18.0 0.0 
0.0 11.0 24.0 18.0 13.0 
2.0 0.0 2.0 16.0 12.0 
18.0 1.0 0.0 23.0 4.0 
9.0 23.0 13.0 0.0 17.0 
11.0 16.0 11.0 2.0 0.0 
0.0 16.0 21.0 20.0 15.0 
3.0 0.0 9.0 23.0 19.0 
18.0 24.0 0.0 16.0 17.0 
11.0 21.0 15.0 0.0 12.0 
4.0 24.0 10.0 5.0 0.0 
0.0 24.0 11.0 2.0 12.0 
17.0 0.0 18.0 9.0 12.0 
18.0 1.0 0.0 11.0 1.0 
8.0 20.0 13.0 0.0 17.0 
19.0 3.0 21.0 14.0 0.0 
0.0 15.0 20.0 6.0 3.0 
7.0 0.0 22.0 2.0 10.0 
15.0 22.0 0.0 19.0 23.0 
6.0 18.0 0.0 0.0 10.0 
11.0 16.0 11.0 1.0 0.0 
0.0 19.0 13.0 19.0 14.0 
12.0 0.0 2.0 4.0 15.0 
10.0 0.0 0.0 8.0 16.0 
9.0 21.0 1.0 0.0 1.0 
21.0 22.0 1.0 2.0 0.0 
