0.0 13.0 9.0 22.0 24.0 
1.0 0.0 24.0 24.0 15.0 
11.0 21.0 0.0 14.0 0.0 
9.0 23.0 11.0 0.0 7.0 
1.0 22.0 23.0 21.0 0.0 
0.0 3.0 15.0 9.0 12.0 
6.0 0.0 3.0 11.0 19.0 
1.0 12.0 0.0 22.0 8.0 
23.0 15.0 6.0 0.0 6.0 
8.0 14.0 4.0 24.0 0.0 
0.0 13.0 7.0 10.0 8.0 
10.0 0.0 20.0 1.0 4.0 
14.0 0.0 0.0 23.0 24.0 
8.0 9.0 11.0 0.0 24.0 
7.0 16.0 17.0 8.0 0.0 
0.0 11.0 8.0 0.0 16.0 
21.0 0.0 24.0 12.0 22.0 
16.0 24.0 0.0 15.0 15.0 
16.0 23.0 24.0 0.0 20.0 
13.0 6.0 16.0 0.0 0.0 
0.0 1.0 20.0 21.0 24.0 
21.0 0.0 23.0 24.0 4.0 
7.0 4.0 0.0 16.0 15.0 
0.0 7.0 8.0 0.0 4.0 
9.0 15.0 8.0 17.0 0.0 
0.0 20.0 7.0 7.0 18.0 
3.0 0.0 12.0 19.0 14.0 
5.0 5.0 0.0 19.0 22.0 
24.0 18.0 10.0 0.0 19.0 
5.0 18.0 3.0 7.0 0.0 
0.0 13.0 6.0 16.0 1.0 
21.0 0.0 10.0 21.0 16.0 
8.0 7.0 0.0 9.0 24.0 
19.0 9.0 13.0 0.0 4.0 
18.0 20.0 14.0 11.0 0.0 
0.0 9.0 18.0 0.0 0.0 
14.0 0.0 6.0 16.0 10.0 
19.0 9.0 0.0 15.0 4.0 
6.0 0.0 10.0 0.0 16.0 
7.0 5.0 16.0 13.0 0.0 
0.0 8.0 7.0 13.0 17.0 
0.0 0.0 19.0 20.0 6.0 
8.0 0.0 0.0 10.0 9.0 
19.0 22.0 7.0 0.0 14.0 
14.0 18.0 14.0 16.0 0.0 
0.0 10.0 13.0 1.0 21.0 
8.0 0.0 10.0 0.0 8.0 
4.0 21.0 0.0 8.0 8.0 
24.0 15.0 8.0 0.0 7.0 
15.0 20.0 19.0 5.0 0.0 
0.0 22.0 5.0 15.0 23.0 
13.0 0.0 9.0 11.0 22.0 
0.0 2.0 0.0 21.0 24.0 
17.0 3.0 20.0 0.0 15.0 
10.0 1.0 8.0 22.0 0.0 
0.0 10.0 19.0 24.0 20.0 
20.0 0.0 24.0 15.0 22.0 
2.0 23.0 0.0 11.0 15.0 
17.0 5.0 24.0 0.0 23.0 
12.0 12.0 23.0 22.0 0.0 
