0.0 22.0 19.0 13.0 6.0 
5.0 0.0 16.0 11.0 17.0 
4.0 6.0 0.0 10.0 15.0 
18.0 18.0 0.0 0.0 5.0 
19.0 4.0 6.0 18.0 0.0 
0.0 23.0 5.0 2.0 6.0 
7.0 0.0 4.0 12.0 5.0 
4.0 14.0 0.0 0.0 10.0 
24.0 18.0 0.0 0.0 4.0 
14.0 20.0 17.0 3.0 0.0 
0.0 14.0 19.0 20.0 6.0 
0.0 0.0 5.0 8.0 9.0 
10.0 4.0 0.0 2.0 6.0 
24.0 12.0 10.0 0.0 24.0 
8.0 18.0 9.0 11.0 0.0 
0.0 6.0 16.0 0.0 5.0 
7.0 0.0 15.0 6.0 18.0 
4.0 2.0 0.0 18.0 16.0 
10.0 20.0 8.0 0.0 15.0 
21.0 3.0 8.0 2.0 0.0 
0.0 18.0 11.0 11.0 10.0 
2.0 0.0 11.0 7.0 7.0 
11.0 7.0 0.0 1.0 11.0 
16.0 21.0 23.0 0.0 19.0 
5.0 11.0 0.0 11.0 0.0 
0.0 11.0 15.0 24.0 0.0 
0.0 0.0 19.0 5.0 17.0 
5.0 22.0 0.0 24.0 6.0 
0.0 6.0 5.0 0.0 0.0 
13.0 15.0 15.0 12.0 0.0 
0.0 13.0 8.0 23.0 23.0 
20.0 0.0 16.0 17.0 1.0 
4.0 9.0 0.0 0.0 18.0 
4.0 8.0 13.0 0.0 1.0 
13.0 19.0 12.0 6.0 0.0 
0.0 22.0 11.0 8.0 9.0 
8.0 0.0 10.0 22.0 14.0 
13.0 21.0 0.0 23.0 23.0 
1.0 6.0 12.0 0.0 13.0 
7.0 15.0 1.0 14.0 0.0 
0.0 17.0 17.0 11.0 20.0 
5.0 0.0 20.0 24.0 14.0 
0.0 16.0 0.0 1.0 13.0 
4.0 14.0 8.0 0.0 4.0 
5.0 11.0 17.0 17.0 0.0 
0.0 23.0 20.0 18.0 23.0 
3.0 0.0 13.0 22.0 13.0 
12.0 13.0 0.0 14.0 15.0 
3.0 18.0 17.0 0.0 11.0 
9.0 18.0 18.0 22.0 0.0 
0.0 13.0 0.0 22.0 15.0 
18.0 0.0 20.0 10.0 15.0 
10.0 14.0 0.0 23.0 10.0 
20.0 18.0 1.0 0.0 7.0 
23.0 5.0 11.0 5.0 0.0 
0.0 7.0 11.0 20.0 16.0 
10.0 0.0 9.0 23.0 0.0 
21.0 4.0 0.0 9.0 16.0 
3.0 18.0 22.0 0.0 22.0 
7.0 4.0 20.0 17.0 0.0 
