0.0 5.0 6.0 10.0 9.0 
19.0 0.0 13.0 15.0 23.0 
15.0 11.0 0.0 7.0 20.0 
1.0 15.0 22.0 0.0 13.0 
5.0 6.0 18.0 23.0 0.0 
0.0 9.0 20.0 24.0 3.0 
20.0 0.0 22.0 2.0 10.0 
21.0 13.0 0.0 21.0 12.0 
24.0 6.0 20.0 0.0 13.0 
24.0 12.0 17.0 13.0 0.0 
0.0 3.0 13.0 21.0 10.0 
24.0 0.0 20.0 10.0 18.0 
12.0 11.0 0.0 7.0 11.0 
23.0 24.0 3.0 0.0 19.0 
10.0 14.0 12.0 10.0 0.0 
0.0 24.0 18.0 15.0 2.0 
2.0 0.0 20.0 12.0 23.0 
16.0 3.0 0.0 0.0 8.0 
11.0 11.0 10.0 0.0 18.0 
8.0 6.0 3.0 13.0 0.0 
0.0 16.0 11.0 20.0 12.0 
8.0 0.0 15.0 10.0 14.0 
20.0 0.0 0.0 6.0 24.0 
20.0 15.0 4.0 0.0 9.0 
20.0 17.0 19.0 6.0 0.0 
0.0 5.0 5.0 22.0 20.0 
17.0 0.0 7.0 16.0 14.0 
18.0 12.0 0.0 11.0 5.0 
19.0 20.0 5.0 0.0 14.0 
18.0 16.0 1.0 18.0 0.0 
0.0 22.0 19.0 8.0 22.0 
17.0 0.0 9.0 23.0 4.0 
11.0 7.0 0.0 3.0 9.0 
5.0 22.0 6.0 0.0 13.0 
11.0 22.0 21.0 12.0 0.0 
0.0 20.0 12.0 5.0 15.0 
14.0 0.0 0.0 15.0 21.0 
21.0 12.0 0.0 21.0 14.0 
17.0 9.0 2.0 0.0 19.0 
13.0 18.0 16.0 10.0 0.0 
0.0 20.0 24.0 6.0 6.0 
20.0 0.0 19.0 19.0 18.0 
17.0 3.0 0.0 9.0 4.0 
0.0 20.0 7.0 0.0 2.0 
14.0 15.0 14.0 7.0 0.0 
0.0 15.0 10.0 11.0 6.0 
13.0 0.0 18.0 7.0 17.0 
16.0 1.0 0.0 19.0 11.0 
18.0 14.0 17.0 0.0 10.0 
0.0 8.0 9.0 8.0 0.0 
0.0 2.0 15.0 2.0 6.0 
15.0 0.0 11.0 8.0 3.0 
20.0 0.0 0.0 10.0 3.0 
2.0 24.0 9.0 0.0 21.0 
23.0 16.0 0.0 2.0 0.0 
0.0 18.0 3.0 4.0 18.0 
5.0 0.0 13.0 11.0 20.0 
4.0 3.0 0.0 2.0 10.0 
14.0 16.0 10.0 0.0 18.0 
13.0 10.0 15.0 21.0 0.0 
