0.0 5.0 18.0 23.0 12.0 
8.0 0.0 6.0 7.0 21.0 
18.0 18.0 0.0 4.0 13.0 
7.0 0.0 14.0 0.0 3.0 
18.0 8.0 15.0 6.0 0.0 
0.0 2.0 11.0 12.0 2.0 
1.0 0.0 1.0 22.0 6.0 
16.0 21.0 0.0 21.0 21.0 
0.0 19.0 6.0 0.0 24.0 
11.0 0.0 3.0 15.0 0.0 
0.0 10.0 21.0 16.0 18.0 
5.0 0.0 20.0 0.0 10.0 
9.0 0.0 0.0 18.0 19.0 
10.0 7.0 12.0 0.0 23.0 
8.0 19.0 15.0 3.0 0.0 
0.0 19.0 22.0 8.0 12.0 
11.0 0.0 7.0 1.0 16.0 
7.0 24.0 0.0 7.0 23.0 
10.0 15.0 2.0 0.0 19.0 
17.0 7.0 7.0 4.0 0.0 
0.0 6.0 15.0 4.0 11.0 
24.0 0.0 1.0 16.0 10.0 
24.0 19.0 0.0 4.0 6.0 
5.0 22.0 13.0 0.0 6.0 
7.0 21.0 21.0 14.0 0.0 
0.0 14.0 6.0 16.0 14.0 
9.0 0.0 21.0 22.0 1.0 
3.0 23.0 0.0 23.0 4.0 
21.0 4.0 10.0 0.0 18.0 
11.0 17.0 8.0 10.0 0.0 
0.0 6.0 5.0 23.0 3.0 
15.0 0.0 3.0 7.0 12.0 
1.0 1.0 0.0 10.0 23.0 
17.0 3.0 18.0 0.0 2.0 
21.0 11.0 24.0 24.0 0.0 
0.0 6.0 7.0 10.0 13.0 
19.0 0.0 16.0 4.0 3.0 
19.0 21.0 0.0 12.0 20.0 
6.0 7.0 8.0 0.0 13.0 
11.0 17.0 4.0 1.0 0.0 
0.0 17.0 20.0 18.0 10.0 
13.0 0.0 17.0 23.0 19.0 
20.0 2.0 0.0 11.0 17.0 
23.0 13.0 24.0 0.0 18.0 
21.0 12.0 24.0 23.0 0.0 
0.0 21.0 16.0 6.0 6.0 
7.0 0.0 22.0 19.0 0.0 
1.0 14.0 0.0 18.0 18.0 
17.0 24.0 3.0 0.0 15.0 
19.0 23.0 10.0 7.0 0.0 
0.0 23.0 13.0 21.0 21.0 
2.0 0.0 2.0 13.0 24.0 
8.0 22.0 0.0 17.0 9.0 
13.0 20.0 2.0 0.0 13.0 
10.0 20.0 23.0 24.0 0.0 
0.0 11.0 4.0 1.0 16.0 
14.0 0.0 3.0 7.0 22.0 
20.0 6.0 0.0 21.0 1.0 
23.0 24.0 0.0 0.0 1.0 
19.0 8.0 15.0 22.0 0.0 
