0.0 13.0 16.0 6.0 17.0 
0.0 0.0 22.0 13.0 0.0 
9.0 5.0 0.0 2.0 15.0 
18.0 1.0 17.0 0.0 2.0 
21.0 22.0 6.0 2.0 0.0 
0.0 22.0 19.0 20.0 12.0 
19.0 0.0 0.0 3.0 2.0 
13.0 19.0 0.0 14.0 2.0 
2.0 23.0 1.0 0.0 13.0 
10.0 5.0 0.0 1.0 0.0 
0.0 14.0 13.0 23.0 22.0 
16.0 0.0 9.0 22.0 7.0 
14.0 5.0 0.0 5.0 8.0 
12.0 6.0 22.0 0.0 11.0 
5.0 4.0 10.0 6.0 0.0 
0.0 21.0 3.0 22.0 1.0 
13.0 0.0 20.0 23.0 17.0 
11.0 18.0 0.0 15.0 5.0 
13.0 21.0 15.0 0.0 22.0 
24.0 21.0 8.0 24.0 0.0 
0.0 20.0 19.0 5.0 1.0 
8.0 0.0 8.0 9.0 3.0 
18.0 11.0 0.0 7.0 21.0 
3.0 24.0 22.0 0.0 9.0 
16.0 0.0 22.0 1.0 0.0 
0.0 0.0 14.0 15.0 12.0 
19.0 0.0 20.0 1.0 15.0 
3.0 18.0 0.0 22.0 9.0 
12.0 24.0 21.0 0.0 12.0 
3.0 8.0 10.0 11.0 0.0 
0.0 22.0 14.0 1.0 6.0 
5.0 0.0 22.0 20.0 15.0 
5.0 21.0 0.0 18.0 2.0 
0.0 4.0 11.0 0.0 3.0 
3.0 18.0 23.0 20.0 0.0 
0.0 13.0 15.0 19.0 16.0 
12.0 0.0 3.0 4.0 14.0 
5.0 20.0 0.0 23.0 10.0 
23.0 7.0 15.0 0.0 2.0 
1.0 19.0 2.0 2.0 0.0 
0.0 17.0 2.0 5.0 16.0 
22.0 0.0 6.0 15.0 10.0 
20.0 10.0 0.0 8.0 17.0 
7.0 4.0 24.0 0.0 3.0 
2.0 18.0 14.0 5.0 0.0 
0.0 4.0 11.0 20.0 15.0 
5.0 0.0 17.0 23.0 21.0 
12.0 21.0 0.0 5.0 2.0 
18.0 5.0 11.0 0.0 3.0 
19.0 7.0 20.0 23.0 0.0 
0.0 5.0 4.0 13.0 22.0 
9.0 0.0 8.0 7.0 10.0 
10.0 5.0 0.0 21.0 20.0 
9.0 9.0 7.0 0.0 20.0 
20.0 11.0 18.0 11.0 0.0 
0.0 24.0 0.0 5.0 13.0 
4.0 0.0 12.0 11.0 15.0 
6.0 13.0 0.0 21.0 12.0 
8.0 20.0 6.0 0.0 20.0 
7.0 11.0 20.0 15.0 0.0 
