0.0 12.0 8.0 23.0 4.0 
2.0 0.0 22.0 24.0 8.0 
4.0 22.0 0.0 9.0 12.0 
22.0 12.0 8.0 0.0 14.0 
10.0 2.0 6.0 24.0 0.0 
0.0 7.0 13.0 14.0 21.0 
8.0 0.0 6.0 2.0 16.0 
9.0 12.0 0.0 9.0 3.0 
16.0 15.0 6.0 0.0 12.0 
17.0 19.0 7.0 8.0 0.0 
0.0 6.0 2.0 15.0 9.0 
5.0 0.0 10.0 17.0 12.0 
13.0 21.0 0.0 2.0 10.0 
4.0 4.0 15.0 0.0 2.0 
5.0 15.0 5.0 12.0 0.0 
0.0 18.0 21.0 3.0 19.0 
9.0 0.0 21.0 3.0 0.0 
20.0 3.0 0.0 17.0 19.0 
21.0 24.0 24.0 0.0 19.0 
12.0 14.0 11.0 4.0 0.0 
0.0 24.0 3.0 5.0 21.0 
6.0 0.0 15.0 7.0 18.0 
23.0 4.0 0.0 19.0 14.0 
21.0 3.0 4.0 0.0 4.0 
1.0 17.0 14.0 3.0 0.0 
0.0 5.0 6.0 23.0 4.0 
5.0 0.0 18.0 20.0 23.0 
9.0 6.0 0.0 7.0 15.0 
2.0 20.0 11.0 0.0 1.0 
20.0 5.0 0.0 23.0 0.0 
0.0 20.0 4.0 24.0 16.0 
21.0 0.0 15.0 0.0 21.0 
4.0 1.0 0.0 18.0 21.0 
16.0 18.0 18.0 0.0 22.0 
16.0 18.0 14.0 24.0 0.0 
0.0 0.0 1.0 11.0 4.0 
22.0 0.0 14.0 14.0 10.0 
23.0 22.0 0.0 1.0 14.0 
1.0 14.0 3.0 0.0 4.0 
8.0 21.0 13.0 4.0 0.0 
0.0 13.0 5.0 14.0 19.0 
21.0 0.0 12.0 1.0 16.0 
2.0 23.0 0.0 5.0 9.0 
15.0 16.0 5.0 0.0 11.0 
13.0 19.0 15.0 14.0 0.0 
0.0 5.0 3.0 16.0 1.0 
16.0 0.0 17.0 1.0 2.0 
14.0 15.0 0.0 22.0 22.0 
15.0 5.0 16.0 0.0 13.0 
14.0 19.0 18.0 17.0 0.0 
0.0 8.0 23.0 22.0 15.0 
1.0 0.0 17.0 4.0 6.0 
22.0 15.0 0.0 10.0 17.0 
13.0 22.0 24.0 0.0 19.0 
23.0 22.0 7.0 24.0 0.0 
0.0 17.0 2.0 9.0 10.0 
1.0 0.0 7.0 10.0 16.0 
4.0 18.0 0.0 16.0 3.0 
11.0 8.0 22.0 0.0 12.0 
18.0 8.0 24.0 10.0 0.0 
