0.0 11.0 2.0 0.0 10.0 
6.0 0.0 9.0 3.0 1.0 
5.0 24.0 0.0 22.0 17.0 
5.0 18.0 21.0 0.0 14.0 
1.0 4.0 16.0 7.0 0.0 
0.0 16.0 11.0 5.0 4.0 
10.0 0.0 4.0 22.0 2.0 
15.0 8.0 0.0 0.0 10.0 
18.0 20.0 6.0 0.0 2.0 
17.0 6.0 19.0 10.0 0.0 
0.0 10.0 15.0 8.0 0.0 
13.0 0.0 14.0 2.0 22.0 
15.0 20.0 0.0 12.0 21.0 
12.0 1.0 20.0 0.0 10.0 
0.0 23.0 6.0 17.0 0.0 
0.0 8.0 4.0 6.0 18.0 
8.0 0.0 10.0 13.0 22.0 
18.0 10.0 0.0 23.0 11.0 
14.0 7.0 16.0 0.0 19.0 
0.0 0.0 14.0 20.0 0.0 
0.0 4.0 6.0 8.0 11.0 
11.0 0.0 20.0 4.0 10.0 
0.0 23.0 0.0 4.0 11.0 
16.0 6.0 6.0 0.0 6.0 
18.0 22.0 4.0 10.0 0.0 
0.0 4.0 19.0 14.0 4.0 
16.0 0.0 18.0 23.0 11.0 
2.0 18.0 0.0 17.0 17.0 
17.0 21.0 11.0 0.0 13.0 
22.0 11.0 1.0 3.0 0.0 
0.0 3.0 6.0 12.0 6.0 
18.0 0.0 6.0 12.0 5.0 
15.0 19.0 0.0 24.0 5.0 
19.0 16.0 5.0 0.0 2.0 
13.0 23.0 22.0 18.0 0.0 
0.0 5.0 1.0 9.0 6.0 
23.0 0.0 19.0 18.0 4.0 
16.0 24.0 0.0 5.0 23.0 
15.0 7.0 10.0 0.0 15.0 
8.0 23.0 1.0 2.0 0.0 
0.0 12.0 24.0 0.0 2.0 
22.0 0.0 6.0 15.0 8.0 
0.0 12.0 0.0 3.0 15.0 
20.0 4.0 15.0 0.0 13.0 
11.0 5.0 18.0 18.0 0.0 
0.0 15.0 15.0 18.0 14.0 
20.0 0.0 14.0 4.0 16.0 
3.0 22.0 0.0 6.0 9.0 
13.0 10.0 15.0 0.0 8.0 
20.0 23.0 12.0 4.0 0.0 
0.0 24.0 1.0 21.0 22.0 
7.0 0.0 8.0 14.0 15.0 
13.0 8.0 0.0 0.0 7.0 
21.0 21.0 7.0 0.0 22.0 
2.0 17.0 11.0 2.0 0.0 
0.0 5.0 9.0 3.0 22.0 
17.0 0.0 24.0 8.0 1.0 
22.0 1.0 0.0 9.0 6.0 
2.0 14.0 14.0 0.0 7.0 
8.0 4.0 19.0 7.0 0.0 
