0.0 20.0 19.0 20.0 0.0 
22.0 0.0 17.0 1.0 2.0 
15.0 19.0 0.0 16.0 22.0 
4.0 24.0 7.0 0.0 19.0 
13.0 14.0 8.0 18.0 0.0 
0.0 10.0 8.0 18.0 1.0 
23.0 0.0 11.0 16.0 6.0 
5.0 12.0 0.0 18.0 13.0 
17.0 16.0 14.0 0.0 13.0 
7.0 13.0 20.0 20.0 0.0 
0.0 13.0 4.0 18.0 24.0 
3.0 0.0 8.0 14.0 18.0 
19.0 4.0 0.0 1.0 11.0 
5.0 4.0 8.0 0.0 15.0 
15.0 16.0 18.0 19.0 0.0 
0.0 16.0 18.0 6.0 16.0 
19.0 0.0 10.0 8.0 11.0 
14.0 10.0 0.0 24.0 11.0 
17.0 7.0 20.0 0.0 2.0 
15.0 9.0 22.0 9.0 0.0 
0.0 10.0 4.0 4.0 21.0 
10.0 0.0 16.0 15.0 24.0 
18.0 0.0 0.0 18.0 3.0 
7.0 18.0 2.0 0.0 10.0 
19.0 8.0 15.0 9.0 0.0 
0.0 9.0 20.0 12.0 17.0 
18.0 0.0 19.0 8.0 3.0 
11.0 22.0 0.0 24.0 23.0 
4.0 1.0 16.0 0.0 10.0 
18.0 5.0 2.0 8.0 0.0 
0.0 20.0 12.0 11.0 17.0 
16.0 0.0 22.0 2.0 3.0 
17.0 22.0 0.0 23.0 0.0 
23.0 24.0 0.0 0.0 20.0 
19.0 24.0 12.0 24.0 0.0 
0.0 18.0 23.0 22.0 17.0 
21.0 0.0 21.0 21.0 5.0 
18.0 14.0 0.0 12.0 4.0 
5.0 4.0 13.0 0.0 17.0 
15.0 21.0 13.0 12.0 0.0 
0.0 3.0 3.0 1.0 20.0 
4.0 0.0 2.0 6.0 2.0 
18.0 13.0 0.0 9.0 4.0 
12.0 14.0 20.0 0.0 0.0 
21.0 18.0 14.0 2.0 0.0 
0.0 2.0 14.0 19.0 20.0 
4.0 0.0 0.0 12.0 1.0 
14.0 23.0 0.0 13.0 4.0 
1.0 9.0 1.0 0.0 20.0 
15.0 0.0 20.0 3.0 0.0 
0.0 13.0 6.0 8.0 5.0 
23.0 0.0 15.0 21.0 2.0 
9.0 12.0 0.0 16.0 14.0 
10.0 5.0 9.0 0.0 15.0 
17.0 20.0 6.0 15.0 0.0 
0.0 16.0 7.0 14.0 7.0 
9.0 0.0 18.0 15.0 21.0 
5.0 13.0 0.0 5.0 18.0 
8.0 1.0 12.0 0.0 7.0 
11.0 0.0 2.0 8.0 0.0 
