0.0 18.0 10.0 6.0 22.0 
2.0 0.0 23.0 4.0 0.0 
8.0 23.0 0.0 18.0 20.0 
24.0 8.0 20.0 0.0 5.0 
12.0 9.0 22.0 19.0 0.0 
0.0 15.0 4.0 19.0 6.0 
3.0 0.0 19.0 3.0 16.0 
4.0 7.0 0.0 6.0 24.0 
21.0 18.0 18.0 0.0 19.0 
17.0 20.0 9.0 10.0 0.0 
0.0 11.0 2.0 14.0 20.0 
20.0 0.0 13.0 11.0 23.0 
2.0 5.0 0.0 10.0 1.0 
3.0 0.0 7.0 0.0 8.0 
1.0 4.0 3.0 1.0 0.0 
0.0 5.0 9.0 22.0 4.0 
14.0 0.0 7.0 6.0 10.0 
23.0 20.0 0.0 23.0 1.0 
19.0 3.0 2.0 0.0 15.0 
6.0 22.0 8.0 3.0 0.0 
0.0 23.0 0.0 6.0 7.0 
0.0 0.0 3.0 0.0 1.0 
10.0 10.0 0.0 14.0 5.0 
11.0 24.0 1.0 0.0 13.0 
4.0 0.0 0.0 22.0 0.0 
0.0 7.0 0.0 24.0 19.0 
21.0 0.0 14.0 1.0 1.0 
15.0 22.0 0.0 13.0 24.0 
4.0 7.0 3.0 0.0 3.0 
24.0 13.0 10.0 21.0 0.0 
0.0 24.0 9.0 19.0 14.0 
0.0 0.0 21.0 3.0 1.0 
6.0 18.0 0.0 17.0 16.0 
4.0 14.0 7.0 0.0 3.0 
11.0 16.0 6.0 9.0 0.0 
0.0 15.0 5.0 7.0 10.0 
3.0 0.0 23.0 13.0 15.0 
0.0 15.0 0.0 11.0 2.0 
3.0 21.0 20.0 0.0 23.0 
13.0 19.0 23.0 11.0 0.0 
0.0 22.0 4.0 23.0 8.0 
20.0 0.0 6.0 1.0 3.0 
19.0 5.0 0.0 15.0 11.0 
11.0 11.0 13.0 0.0 22.0 
4.0 23.0 21.0 10.0 0.0 
0.0 6.0 0.0 11.0 3.0 
20.0 0.0 11.0 1.0 23.0 
23.0 19.0 0.0 5.0 7.0 
3.0 14.0 16.0 0.0 21.0 
5.0 15.0 24.0 12.0 0.0 
0.0 3.0 21.0 3.0 10.0 
6.0 0.0 23.0 4.0 0.0 
11.0 12.0 0.0 13.0 23.0 
10.0 24.0 22.0 0.0 2.0 
12.0 14.0 11.0 5.0 0.0 
0.0 13.0 23.0 14.0 0.0 
2.0 0.0 6.0 0.0 7.0 
24.0 10.0 0.0 15.0 4.0 
21.0 8.0 19.0 0.0 6.0 
11.0 0.0 15.0 22.0 0.0 
