0.0 6.0 6.0 4.0 22.0 
21.0 0.0 19.0 24.0 20.0 
24.0 0.0 0.0 2.0 12.0 
10.0 14.0 0.0 0.0 5.0 
19.0 24.0 14.0 18.0 0.0 
0.0 22.0 16.0 23.0 21.0 
14.0 0.0 17.0 5.0 23.0 
24.0 5.0 0.0 14.0 14.0 
17.0 22.0 15.0 0.0 1.0 
9.0 3.0 15.0 14.0 0.0 
0.0 18.0 17.0 3.0 15.0 
10.0 0.0 15.0 12.0 12.0 
19.0 14.0 0.0 13.0 9.0 
14.0 14.0 4.0 0.0 16.0 
13.0 10.0 13.0 17.0 0.0 
0.0 15.0 9.0 10.0 10.0 
9.0 0.0 19.0 12.0 21.0 
8.0 22.0 0.0 19.0 4.0 
22.0 24.0 4.0 0.0 20.0 
3.0 18.0 19.0 9.0 0.0 
0.0 0.0 4.0 14.0 10.0 
24.0 0.0 4.0 10.0 5.0 
19.0 21.0 0.0 10.0 1.0 
8.0 18.0 20.0 0.0 7.0 
20.0 20.0 15.0 17.0 0.0 
0.0 20.0 3.0 19.0 20.0 
2.0 0.0 24.0 1.0 7.0 
12.0 6.0 0.0 7.0 2.0 
22.0 13.0 11.0 0.0 5.0 
9.0 4.0 1.0 24.0 0.0 
0.0 23.0 15.0 2.0 5.0 
13.0 0.0 22.0 14.0 24.0 
21.0 19.0 0.0 22.0 0.0 
13.0 8.0 10.0 0.0 7.0 
14.0 0.0 13.0 8.0 0.0 
0.0 22.0 11.0 1.0 5.0 
6.0 0.0 21.0 23.0 9.0 
2.0 2.0 0.0 12.0 0.0 
9.0 9.0 20.0 0.0 14.0 
5.0 13.0 15.0 7.0 0.0 
0.0 13.0 3.0 6.0 5.0 
7.0 0.0 11.0 2.0 15.0 
17.0 13.0 0.0 16.0 12.0 
19.0 24.0 22.0 0.0 10.0 
13.0 10.0 8.0 11.0 0.0 
0.0 18.0 13.0 22.0 11.0 
13.0 0.0 12.0 22.0 4.0 
1.0 19.0 0.0 7.0 11.0 
7.0 12.0 13.0 0.0 2.0 
21.0 8.0 12.0 20.0 0.0 
0.0 11.0 10.0 24.0 24.0 
2.0 0.0 16.0 13.0 22.0 
22.0 7.0 0.0 16.0 2.0 
23.0 18.0 21.0 0.0 13.0 
10.0 4.0 18.0 5.0 0.0 
0.0 6.0 16.0 10.0 18.0 
16.0 0.0 17.0 18.0 18.0 
22.0 22.0 0.0 14.0 15.0 
15.0 1.0 5.0 0.0 22.0 
19.0 23.0 8.0 2.0 0.0 
