0.0 1.0 24.0 16.0 22.0 
5.0 0.0 10.0 5.0 15.0 
3.0 0.0 0.0 3.0 21.0 
21.0 5.0 22.0 0.0 16.0 
7.0 20.0 22.0 19.0 0.0 
0.0 1.0 2.0 17.0 20.0 
24.0 0.0 17.0 20.0 9.0 
19.0 18.0 0.0 12.0 7.0 
13.0 15.0 17.0 0.0 11.0 
20.0 6.0 4.0 23.0 0.0 
0.0 12.0 1.0 9.0 15.0 
23.0 0.0 0.0 8.0 19.0 
17.0 17.0 0.0 6.0 12.0 
16.0 1.0 21.0 0.0 4.0 
17.0 2.0 0.0 13.0 0.0 
0.0 9.0 11.0 6.0 10.0 
8.0 0.0 17.0 2.0 21.0 
17.0 22.0 0.0 4.0 23.0 
5.0 1.0 9.0 0.0 16.0 
15.0 4.0 7.0 24.0 0.0 
0.0 21.0 1.0 2.0 12.0 
23.0 0.0 9.0 6.0 10.0 
17.0 8.0 0.0 4.0 1.0 
14.0 14.0 23.0 0.0 10.0 
16.0 16.0 4.0 16.0 0.0 
0.0 3.0 9.0 12.0 21.0 
8.0 0.0 7.0 14.0 12.0 
22.0 18.0 0.0 12.0 21.0 
17.0 3.0 24.0 0.0 1.0 
21.0 23.0 7.0 22.0 0.0 
0.0 24.0 21.0 1.0 7.0 
15.0 0.0 5.0 18.0 9.0 
12.0 15.0 0.0 20.0 21.0 
21.0 22.0 16.0 0.0 9.0 
4.0 8.0 18.0 19.0 0.0 
0.0 2.0 12.0 0.0 6.0 
22.0 0.0 17.0 24.0 20.0 
8.0 8.0 0.0 1.0 16.0 
18.0 7.0 11.0 0.0 22.0 
13.0 24.0 14.0 2.0 0.0 
0.0 2.0 10.0 6.0 11.0 
13.0 0.0 23.0 9.0 21.0 
15.0 15.0 0.0 2.0 22.0 
16.0 8.0 2.0 0.0 3.0 
20.0 6.0 16.0 0.0 0.0 
0.0 0.0 0.0 9.0 0.0 
8.0 0.0 8.0 7.0 7.0 
14.0 14.0 0.0 18.0 20.0 
15.0 22.0 14.0 0.0 11.0 
11.0 14.0 24.0 10.0 0.0 
0.0 15.0 22.0 5.0 8.0 
24.0 0.0 11.0 7.0 8.0 
0.0 9.0 0.0 5.0 21.0 
5.0 18.0 2.0 0.0 24.0 
16.0 5.0 15.0 14.0 0.0 
0.0 24.0 17.0 1.0 9.0 
0.0 0.0 15.0 4.0 19.0 
7.0 18.0 0.0 15.0 3.0 
0.0 13.0 2.0 0.0 22.0 
6.0 1.0 16.0 3.0 0.0 
