0.0 2.0 22.0 23.0 7.0 
4.0 0.0 3.0 0.0 12.0 
21.0 11.0 0.0 0.0 23.0 
12.0 20.0 7.0 0.0 21.0 
2.0 22.0 3.0 14.0 0.0 
0.0 21.0 12.0 13.0 8.0 
16.0 0.0 8.0 23.0 21.0 
14.0 13.0 0.0 3.0 18.0 
8.0 5.0 9.0 0.0 1.0 
18.0 5.0 22.0 16.0 0.0 
0.0 22.0 10.0 23.0 10.0 
6.0 0.0 14.0 14.0 4.0 
1.0 18.0 0.0 1.0 19.0 
2.0 8.0 21.0 0.0 16.0 
23.0 1.0 4.0 16.0 0.0 
0.0 7.0 12.0 21.0 12.0 
2.0 0.0 10.0 16.0 2.0 
13.0 18.0 0.0 16.0 5.0 
7.0 13.0 10.0 0.0 2.0 
10.0 4.0 22.0 2.0 0.0 
0.0 9.0 11.0 13.0 18.0 
1.0 0.0 18.0 10.0 21.0 
17.0 24.0 0.0 10.0 3.0 
13.0 3.0 7.0 0.0 9.0 
3.0 13.0 14.0 23.0 0.0 
0.0 4.0 24.0 21.0 2.0 
1.0 0.0 8.0 22.0 7.0 
1.0 20.0 0.0 4.0 2.0 
4.0 22.0 16.0 0.0 5.0 
11.0 2.0 4.0 10.0 0.0 
0.0 23.0 15.0 22.0 3.0 
1.0 0.0 8.0 20.0 15.0 
0.0 11.0 0.0 7.0 13.0 
22.0 15.0 16.0 0.0 9.0 
2.0 9.0 8.0 4.0 0.0 
0.0 23.0 11.0 24.0 9.0 
8.0 0.0 0.0 8.0 17.0 
1.0 19.0 0.0 9.0 1.0 
20.0 5.0 13.0 0.0 19.0 
1.0 6.0 1.0 3.0 0.0 
0.0 24.0 10.0 1.0 4.0 
13.0 0.0 22.0 5.0 8.0 
15.0 17.0 0.0 8.0 1.0 
16.0 1.0 4.0 0.0 11.0 
11.0 17.0 8.0 4.0 0.0 
0.0 5.0 12.0 11.0 3.0 
11.0 0.0 13.0 17.0 24.0 
4.0 17.0 0.0 23.0 17.0 
5.0 18.0 14.0 0.0 23.0 
21.0 4.0 3.0 17.0 0.0 
0.0 9.0 20.0 12.0 15.0 
10.0 0.0 5.0 0.0 21.0 
3.0 15.0 0.0 13.0 16.0 
9.0 6.0 17.0 0.0 11.0 
10.0 18.0 9.0 8.0 0.0 
0.0 16.0 24.0 5.0 18.0 
10.0 0.0 23.0 11.0 14.0 
10.0 4.0 0.0 19.0 22.0 
3.0 23.0 5.0 0.0 20.0 
21.0 24.0 6.0 24.0 0.0 
