0.0 21.0 18.0 7.0 22.0 
24.0 0.0 23.0 21.0 20.0 
15.0 3.0 0.0 15.0 19.0 
23.0 16.0 3.0 0.0 17.0 
19.0 0.0 8.0 4.0 0.0 
0.0 11.0 23.0 15.0 20.0 
7.0 0.0 9.0 7.0 8.0 
19.0 10.0 0.0 19.0 10.0 
0.0 10.0 9.0 0.0 17.0 
8.0 19.0 4.0 14.0 0.0 
0.0 3.0 22.0 2.0 8.0 
18.0 0.0 9.0 24.0 16.0 
23.0 22.0 0.0 23.0 9.0 
8.0 22.0 15.0 0.0 24.0 
10.0 11.0 15.0 3.0 0.0 
0.0 0.0 7.0 22.0 3.0 
4.0 0.0 20.0 18.0 1.0 
3.0 20.0 0.0 15.0 18.0 
17.0 20.0 16.0 0.0 19.0 
19.0 5.0 6.0 19.0 0.0 
0.0 1.0 8.0 8.0 11.0 
9.0 0.0 2.0 13.0 6.0 
14.0 24.0 0.0 7.0 24.0 
24.0 2.0 1.0 0.0 0.0 
17.0 13.0 5.0 13.0 0.0 
0.0 23.0 9.0 24.0 8.0 
18.0 0.0 13.0 18.0 9.0 
15.0 19.0 0.0 17.0 15.0 
4.0 8.0 2.0 0.0 23.0 
22.0 5.0 4.0 1.0 0.0 
0.0 20.0 12.0 10.0 20.0 
23.0 0.0 5.0 10.0 4.0 
22.0 2.0 0.0 3.0 23.0 
19.0 23.0 0.0 0.0 2.0 
22.0 14.0 19.0 20.0 0.0 
0.0 12.0 9.0 3.0 22.0 
20.0 0.0 21.0 1.0 9.0 
11.0 6.0 0.0 10.0 2.0 
5.0 17.0 10.0 0.0 6.0 
15.0 20.0 16.0 5.0 0.0 
0.0 10.0 13.0 15.0 2.0 
20.0 0.0 19.0 3.0 14.0 
12.0 8.0 0.0 7.0 0.0 
8.0 10.0 19.0 0.0 3.0 
24.0 11.0 2.0 7.0 0.0 
0.0 21.0 6.0 15.0 2.0 
0.0 0.0 16.0 23.0 8.0 
4.0 6.0 0.0 18.0 21.0 
2.0 20.0 4.0 0.0 18.0 
8.0 17.0 20.0 22.0 0.0 
0.0 4.0 3.0 4.0 6.0 
21.0 0.0 17.0 2.0 10.0 
9.0 22.0 0.0 17.0 0.0 
18.0 13.0 7.0 0.0 4.0 
8.0 19.0 12.0 11.0 0.0 
0.0 5.0 22.0 13.0 21.0 
1.0 0.0 3.0 18.0 17.0 
8.0 18.0 0.0 22.0 0.0 
15.0 15.0 23.0 0.0 21.0 
0.0 20.0 12.0 20.0 0.0 
