0.0 15.0 6.0 19.0 17.0 
2.0 0.0 24.0 18.0 16.0 
21.0 14.0 0.0 1.0 0.0 
10.0 22.0 19.0 0.0 10.0 
22.0 14.0 11.0 12.0 0.0 
0.0 4.0 9.0 22.0 11.0 
19.0 0.0 14.0 3.0 24.0 
19.0 7.0 0.0 5.0 14.0 
4.0 17.0 17.0 0.0 7.0 
11.0 7.0 5.0 7.0 0.0 
0.0 10.0 21.0 5.0 18.0 
10.0 0.0 13.0 13.0 22.0 
24.0 3.0 0.0 1.0 14.0 
22.0 9.0 15.0 0.0 17.0 
8.0 3.0 4.0 22.0 0.0 
0.0 22.0 6.0 12.0 13.0 
6.0 0.0 18.0 15.0 17.0 
15.0 0.0 0.0 22.0 17.0 
22.0 1.0 16.0 0.0 12.0 
14.0 22.0 2.0 13.0 0.0 
0.0 19.0 18.0 13.0 3.0 
4.0 0.0 10.0 14.0 17.0 
15.0 7.0 0.0 0.0 15.0 
14.0 2.0 11.0 0.0 20.0 
8.0 18.0 1.0 18.0 0.0 
0.0 19.0 18.0 19.0 24.0 
22.0 0.0 2.0 12.0 19.0 
4.0 14.0 0.0 16.0 6.0 
20.0 15.0 4.0 0.0 3.0 
1.0 6.0 11.0 8.0 0.0 
0.0 22.0 20.0 16.0 19.0 
7.0 0.0 3.0 24.0 24.0 
5.0 2.0 0.0 14.0 0.0 
22.0 22.0 6.0 0.0 19.0 
17.0 17.0 6.0 0.0 0.0 
0.0 13.0 17.0 21.0 2.0 
6.0 0.0 13.0 24.0 12.0 
18.0 24.0 0.0 15.0 19.0 
20.0 15.0 9.0 0.0 17.0 
23.0 3.0 6.0 23.0 0.0 
0.0 15.0 13.0 14.0 13.0 
13.0 0.0 12.0 17.0 15.0 
23.0 22.0 0.0 20.0 5.0 
23.0 9.0 2.0 0.0 8.0 
14.0 11.0 16.0 8.0 0.0 
0.0 7.0 19.0 24.0 24.0 
21.0 0.0 4.0 8.0 20.0 
11.0 1.0 0.0 3.0 7.0 
20.0 19.0 12.0 0.0 19.0 
14.0 19.0 13.0 23.0 0.0 
0.0 15.0 18.0 11.0 23.0 
13.0 0.0 11.0 5.0 10.0 
24.0 1.0 0.0 14.0 21.0 
19.0 15.0 22.0 0.0 11.0 
2.0 10.0 15.0 14.0 0.0 
0.0 1.0 3.0 24.0 0.0 
2.0 0.0 13.0 17.0 13.0 
23.0 18.0 0.0 2.0 8.0 
14.0 6.0 0.0 0.0 13.0 
17.0 22.0 1.0 20.0 0.0 
