0.0 1.0 13.0 1.0 13.0 
24.0 0.0 18.0 11.0 20.0 
9.0 2.0 0.0 14.0 2.0 
22.0 24.0 11.0 0.0 10.0 
3.0 2.0 1.0 4.0 0.0 
0.0 0.0 14.0 16.0 4.0 
2.0 0.0 22.0 20.0 4.0 
2.0 18.0 0.0 24.0 24.0 
16.0 5.0 1.0 0.0 1.0 
14.0 21.0 18.0 14.0 0.0 
0.0 2.0 21.0 14.0 19.0 
12.0 0.0 24.0 3.0 2.0 
0.0 0.0 0.0 9.0 3.0 
3.0 9.0 18.0 0.0 10.0 
3.0 13.0 1.0 9.0 0.0 
0.0 10.0 3.0 23.0 16.0 
0.0 0.0 14.0 23.0 12.0 
5.0 21.0 0.0 1.0 20.0 
17.0 24.0 3.0 0.0 9.0 
16.0 12.0 20.0 24.0 0.0 
0.0 17.0 16.0 0.0 8.0 
19.0 0.0 5.0 16.0 18.0 
20.0 11.0 0.0 0.0 15.0 
10.0 4.0 16.0 0.0 19.0 
20.0 23.0 2.0 20.0 0.0 
0.0 9.0 22.0 23.0 13.0 
17.0 0.0 10.0 0.0 10.0 
16.0 15.0 0.0 7.0 5.0 
10.0 12.0 24.0 0.0 15.0 
9.0 19.0 24.0 6.0 0.0 
0.0 11.0 22.0 19.0 21.0 
16.0 0.0 6.0 11.0 18.0 
17.0 15.0 0.0 11.0 19.0 
3.0 10.0 19.0 0.0 1.0 
6.0 11.0 24.0 23.0 0.0 
0.0 12.0 11.0 15.0 23.0 
0.0 0.0 1.0 20.0 1.0 
24.0 6.0 0.0 22.0 10.0 
16.0 14.0 19.0 0.0 19.0 
15.0 12.0 11.0 0.0 0.0 
0.0 9.0 9.0 1.0 23.0 
8.0 0.0 23.0 9.0 1.0 
16.0 4.0 0.0 17.0 19.0 
20.0 0.0 16.0 0.0 6.0 
4.0 0.0 13.0 19.0 0.0 
0.0 12.0 7.0 9.0 9.0 
10.0 0.0 10.0 16.0 6.0 
8.0 10.0 0.0 4.0 18.0 
4.0 4.0 24.0 0.0 12.0 
10.0 5.0 12.0 23.0 0.0 
0.0 11.0 21.0 21.0 18.0 
8.0 0.0 11.0 18.0 9.0 
22.0 11.0 0.0 12.0 23.0 
7.0 1.0 11.0 0.0 3.0 
20.0 24.0 13.0 12.0 0.0 
0.0 3.0 16.0 15.0 12.0 
6.0 0.0 12.0 13.0 23.0 
0.0 0.0 0.0 22.0 12.0 
1.0 7.0 11.0 0.0 4.0 
17.0 21.0 11.0 17.0 0.0 
