0.0 7.0 11.0 17.0 8.0 
3.0 0.0 19.0 5.0 0.0 
1.0 20.0 0.0 13.0 14.0 
20.0 20.0 15.0 0.0 16.0 
11.0 9.0 21.0 24.0 0.0 
0.0 3.0 23.0 8.0 13.0 
7.0 0.0 1.0 14.0 14.0 
12.0 12.0 0.0 20.0 14.0 
5.0 9.0 6.0 0.0 14.0 
22.0 17.0 21.0 8.0 0.0 
0.0 17.0 11.0 2.0 16.0 
14.0 0.0 9.0 23.0 13.0 
0.0 13.0 0.0 1.0 15.0 
13.0 2.0 1.0 0.0 6.0 
21.0 11.0 18.0 6.0 0.0 
0.0 0.0 13.0 16.0 1.0 
2.0 0.0 12.0 13.0 2.0 
0.0 23.0 0.0 24.0 14.0 
17.0 8.0 2.0 0.0 3.0 
6.0 17.0 4.0 7.0 0.0 
0.0 20.0 1.0 10.0 24.0 
9.0 0.0 14.0 6.0 1.0 
2.0 24.0 0.0 18.0 15.0 
12.0 17.0 19.0 0.0 8.0 
18.0 10.0 4.0 14.0 0.0 
0.0 12.0 15.0 14.0 16.0 
15.0 0.0 14.0 24.0 19.0 
2.0 0.0 0.0 22.0 2.0 
6.0 1.0 16.0 0.0 17.0 
18.0 20.0 16.0 2.0 0.0 
0.0 22.0 1.0 11.0 18.0 
19.0 0.0 17.0 15.0 16.0 
9.0 1.0 0.0 1.0 18.0 
18.0 5.0 22.0 0.0 2.0 
16.0 18.0 12.0 22.0 0.0 
0.0 24.0 4.0 5.0 20.0 
18.0 0.0 0.0 22.0 1.0 
13.0 9.0 0.0 4.0 16.0 
23.0 16.0 6.0 0.0 19.0 
6.0 4.0 16.0 4.0 0.0 
0.0 19.0 21.0 16.0 8.0 
23.0 0.0 14.0 21.0 4.0 
14.0 4.0 0.0 22.0 21.0 
8.0 22.0 13.0 0.0 16.0 
21.0 11.0 5.0 11.0 0.0 
0.0 11.0 4.0 23.0 16.0 
19.0 0.0 24.0 15.0 21.0 
19.0 17.0 0.0 1.0 8.0 
19.0 22.0 13.0 0.0 3.0 
15.0 9.0 15.0 19.0 0.0 
0.0 17.0 2.0 23.0 15.0 
16.0 0.0 19.0 19.0 17.0 
4.0 21.0 0.0 3.0 4.0 
16.0 24.0 3.0 0.0 1.0 
9.0 22.0 15.0 5.0 0.0 
0.0 12.0 22.0 24.0 15.0 
1.0 0.0 2.0 11.0 20.0 
9.0 7.0 0.0 5.0 4.0 
8.0 5.0 3.0 0.0 10.0 
13.0 20.0 16.0 7.0 0.0 
