0.0 17.0 17.0 17.0 13.0 
0.0 0.0 15.0 15.0 16.0 
2.0 4.0 0.0 1.0 19.0 
1.0 14.0 18.0 0.0 22.0 
6.0 0.0 23.0 19.0 0.0 
0.0 4.0 23.0 14.0 2.0 
5.0 0.0 15.0 8.0 4.0 
16.0 4.0 0.0 12.0 12.0 
22.0 5.0 12.0 0.0 8.0 
6.0 14.0 3.0 13.0 0.0 
0.0 18.0 23.0 3.0 2.0 
22.0 0.0 3.0 8.0 5.0 
11.0 16.0 0.0 0.0 20.0 
1.0 11.0 21.0 0.0 10.0 
9.0 23.0 2.0 12.0 0.0 
0.0 7.0 18.0 2.0 22.0 
13.0 0.0 24.0 12.0 2.0 
5.0 15.0 0.0 3.0 15.0 
11.0 4.0 21.0 0.0 14.0 
12.0 5.0 18.0 24.0 0.0 
0.0 15.0 9.0 14.0 1.0 
11.0 0.0 12.0 11.0 16.0 
21.0 13.0 0.0 14.0 7.0 
0.0 6.0 4.0 0.0 19.0 
19.0 18.0 17.0 13.0 0.0 
0.0 22.0 12.0 21.0 23.0 
3.0 0.0 9.0 4.0 23.0 
6.0 8.0 0.0 6.0 5.0 
20.0 24.0 24.0 0.0 0.0 
7.0 21.0 5.0 11.0 0.0 
0.0 14.0 0.0 10.0 13.0 
15.0 0.0 3.0 21.0 8.0 
0.0 3.0 0.0 3.0 8.0 
14.0 9.0 11.0 0.0 11.0 
11.0 9.0 12.0 15.0 0.0 
0.0 7.0 24.0 6.0 20.0 
19.0 0.0 21.0 17.0 12.0 
13.0 24.0 0.0 17.0 9.0 
17.0 5.0 4.0 0.0 18.0 
17.0 5.0 22.0 22.0 0.0 
0.0 24.0 21.0 19.0 15.0 
3.0 0.0 7.0 20.0 10.0 
11.0 7.0 0.0 9.0 1.0 
20.0 14.0 9.0 0.0 13.0 
0.0 8.0 6.0 0.0 0.0 
0.0 0.0 3.0 14.0 2.0 
19.0 0.0 24.0 17.0 2.0 
6.0 13.0 0.0 9.0 10.0 
9.0 20.0 22.0 0.0 21.0 
24.0 0.0 22.0 9.0 0.0 
0.0 12.0 1.0 8.0 15.0 
14.0 0.0 19.0 16.0 3.0 
23.0 21.0 0.0 4.0 15.0 
3.0 11.0 4.0 0.0 17.0 
4.0 9.0 18.0 6.0 0.0 
0.0 0.0 24.0 9.0 4.0 
23.0 0.0 11.0 8.0 21.0 
12.0 14.0 0.0 4.0 14.0 
23.0 16.0 11.0 0.0 1.0 
2.0 3.0 15.0 11.0 0.0 
