0.0 10.0 22.0 15.0 4.0 
8.0 0.0 14.0 11.0 2.0 
16.0 3.0 0.0 1.0 19.0 
15.0 0.0 3.0 0.0 1.0 
17.0 24.0 22.0 23.0 0.0 
0.0 17.0 12.0 22.0 4.0 
22.0 0.0 20.0 16.0 8.0 
5.0 11.0 0.0 11.0 12.0 
15.0 1.0 19.0 0.0 8.0 
13.0 18.0 15.0 3.0 0.0 
0.0 19.0 14.0 10.0 13.0 
17.0 0.0 20.0 24.0 23.0 
16.0 8.0 0.0 11.0 4.0 
15.0 14.0 4.0 0.0 16.0 
24.0 7.0 8.0 24.0 0.0 
0.0 22.0 8.0 3.0 3.0 
1.0 0.0 4.0 18.0 4.0 
12.0 0.0 0.0 17.0 3.0 
1.0 12.0 15.0 0.0 19.0 
11.0 14.0 14.0 12.0 0.0 
0.0 3.0 12.0 0.0 13.0 
13.0 0.0 12.0 4.0 23.0 
7.0 2.0 0.0 11.0 21.0 
10.0 11.0 22.0 0.0 12.0 
23.0 23.0 4.0 16.0 0.0 
0.0 12.0 16.0 9.0 24.0 
10.0 0.0 15.0 11.0 16.0 
22.0 5.0 0.0 19.0 1.0 
3.0 4.0 21.0 0.0 21.0 
18.0 15.0 21.0 20.0 0.0 
0.0 24.0 18.0 6.0 5.0 
17.0 0.0 4.0 23.0 5.0 
19.0 12.0 0.0 6.0 3.0 
22.0 12.0 10.0 0.0 21.0 
24.0 0.0 16.0 6.0 0.0 
0.0 8.0 20.0 18.0 18.0 
10.0 0.0 17.0 16.0 12.0 
24.0 10.0 0.0 19.0 6.0 
14.0 18.0 18.0 0.0 4.0 
12.0 0.0 11.0 17.0 0.0 
0.0 2.0 7.0 11.0 7.0 
23.0 0.0 14.0 0.0 7.0 
18.0 20.0 0.0 24.0 10.0 
11.0 16.0 18.0 0.0 21.0 
2.0 3.0 12.0 9.0 0.0 
0.0 2.0 3.0 7.0 15.0 
21.0 0.0 6.0 17.0 18.0 
13.0 8.0 0.0 4.0 24.0 
16.0 0.0 10.0 0.0 12.0 
5.0 2.0 13.0 4.0 0.0 
0.0 4.0 12.0 14.0 23.0 
1.0 0.0 24.0 0.0 6.0 
18.0 15.0 0.0 7.0 0.0 
9.0 11.0 16.0 0.0 24.0 
6.0 24.0 1.0 8.0 0.0 
0.0 14.0 12.0 4.0 16.0 
18.0 0.0 12.0 13.0 24.0 
17.0 21.0 0.0 3.0 24.0 
24.0 11.0 17.0 0.0 6.0 
14.0 17.0 2.0 7.0 0.0 
