0.0 4.0 23.0 20.0 19.0 
21.0 0.0 8.0 10.0 22.0 
11.0 2.0 0.0 5.0 6.0 
1.0 15.0 17.0 0.0 17.0 
6.0 11.0 20.0 7.0 0.0 
0.0 18.0 24.0 2.0 2.0 
9.0 0.0 3.0 21.0 14.0 
11.0 22.0 0.0 4.0 1.0 
17.0 16.0 6.0 0.0 12.0 
17.0 0.0 19.0 4.0 0.0 
0.0 12.0 6.0 11.0 2.0 
14.0 0.0 15.0 11.0 3.0 
3.0 7.0 0.0 2.0 4.0 
2.0 16.0 23.0 0.0 23.0 
18.0 19.0 0.0 17.0 0.0 
0.0 5.0 15.0 14.0 12.0 
6.0 0.0 5.0 4.0 1.0 
15.0 20.0 0.0 7.0 23.0 
19.0 19.0 24.0 0.0 8.0 
3.0 20.0 23.0 8.0 0.0 
0.0 1.0 24.0 12.0 12.0 
4.0 0.0 24.0 9.0 0.0 
11.0 1.0 0.0 22.0 20.0 
17.0 9.0 5.0 0.0 3.0 
0.0 1.0 1.0 9.0 0.0 
0.0 5.0 17.0 7.0 10.0 
24.0 0.0 6.0 24.0 0.0 
2.0 15.0 0.0 17.0 6.0 
17.0 15.0 11.0 0.0 9.0 
22.0 6.0 15.0 20.0 0.0 
0.0 11.0 19.0 2.0 11.0 
11.0 0.0 8.0 0.0 8.0 
12.0 12.0 0.0 24.0 23.0 
18.0 9.0 11.0 0.0 15.0 
19.0 3.0 9.0 0.0 0.0 
0.0 1.0 16.0 9.0 13.0 
1.0 0.0 10.0 22.0 11.0 
20.0 2.0 0.0 23.0 3.0 
1.0 23.0 14.0 0.0 24.0 
8.0 3.0 20.0 18.0 0.0 
0.0 23.0 21.0 22.0 24.0 
6.0 0.0 20.0 6.0 2.0 
24.0 16.0 0.0 12.0 4.0 
14.0 2.0 7.0 0.0 21.0 
7.0 6.0 3.0 23.0 0.0 
0.0 11.0 0.0 24.0 14.0 
8.0 0.0 11.0 2.0 12.0 
20.0 10.0 0.0 2.0 15.0 
16.0 23.0 1.0 0.0 15.0 
3.0 24.0 3.0 23.0 0.0 
0.0 22.0 17.0 2.0 2.0 
19.0 0.0 11.0 12.0 4.0 
22.0 9.0 0.0 5.0 7.0 
2.0 7.0 11.0 0.0 17.0 
8.0 22.0 17.0 21.0 0.0 
0.0 4.0 1.0 22.0 11.0 
19.0 0.0 12.0 24.0 21.0 
3.0 11.0 0.0 22.0 20.0 
2.0 9.0 24.0 0.0 11.0 
17.0 11.0 20.0 17.0 0.0 
