0.0 6.0 13.0 20.0 23.0 
8.0 0.0 9.0 11.0 17.0 
19.0 15.0 0.0 12.0 14.0 
3.0 5.0 23.0 0.0 15.0 
16.0 21.0 15.0 3.0 0.0 
0.0 1.0 6.0 0.0 17.0 
4.0 0.0 9.0 19.0 23.0 
13.0 9.0 0.0 19.0 16.0 
12.0 6.0 2.0 0.0 14.0 
6.0 11.0 1.0 19.0 0.0 
0.0 20.0 21.0 21.0 21.0 
24.0 0.0 13.0 15.0 11.0 
15.0 22.0 0.0 4.0 3.0 
17.0 14.0 6.0 0.0 17.0 
2.0 7.0 3.0 8.0 0.0 
0.0 21.0 20.0 19.0 1.0 
6.0 0.0 12.0 15.0 9.0 
20.0 12.0 0.0 24.0 3.0 
13.0 12.0 20.0 0.0 16.0 
4.0 4.0 8.0 16.0 0.0 
0.0 6.0 18.0 8.0 9.0 
19.0 0.0 18.0 13.0 9.0 
21.0 7.0 0.0 20.0 24.0 
3.0 14.0 17.0 0.0 18.0 
12.0 23.0 21.0 22.0 0.0 
0.0 5.0 19.0 9.0 11.0 
11.0 0.0 8.0 17.0 24.0 
4.0 17.0 0.0 16.0 2.0 
6.0 7.0 12.0 0.0 23.0 
0.0 11.0 21.0 13.0 0.0 
0.0 8.0 23.0 24.0 17.0 
13.0 0.0 11.0 20.0 10.0 
5.0 6.0 0.0 1.0 24.0 
24.0 1.0 21.0 0.0 4.0 
9.0 8.0 5.0 11.0 0.0 
0.0 7.0 21.0 23.0 18.0 
23.0 0.0 21.0 9.0 10.0 
16.0 5.0 0.0 1.0 3.0 
13.0 0.0 5.0 0.0 6.0 
14.0 16.0 2.0 20.0 0.0 
0.0 5.0 22.0 0.0 24.0 
0.0 0.0 7.0 10.0 20.0 
0.0 4.0 0.0 15.0 2.0 
22.0 8.0 20.0 0.0 8.0 
10.0 14.0 5.0 8.0 0.0 
0.0 23.0 23.0 19.0 9.0 
15.0 0.0 9.0 4.0 0.0 
15.0 0.0 0.0 15.0 15.0 
1.0 24.0 19.0 0.0 10.0 
15.0 22.0 14.0 15.0 0.0 
0.0 8.0 14.0 7.0 5.0 
21.0 0.0 0.0 2.0 7.0 
7.0 21.0 0.0 4.0 15.0 
2.0 8.0 7.0 0.0 7.0 
6.0 6.0 2.0 3.0 0.0 
0.0 23.0 16.0 2.0 0.0 
11.0 0.0 24.0 14.0 21.0 
7.0 2.0 0.0 22.0 10.0 
0.0 23.0 9.0 0.0 8.0 
0.0 8.0 13.0 17.0 0.0 
