0.0 18.0 3.0 17.0 20.0 
0.0 0.0 11.0 11.0 5.0 
4.0 8.0 0.0 5.0 15.0 
5.0 7.0 24.0 0.0 7.0 
21.0 5.0 17.0 19.0 0.0 
0.0 13.0 11.0 9.0 2.0 
4.0 0.0 4.0 21.0 24.0 
20.0 19.0 0.0 6.0 20.0 
17.0 16.0 5.0 0.0 22.0 
20.0 17.0 8.0 18.0 0.0 
0.0 19.0 0.0 12.0 22.0 
13.0 0.0 15.0 16.0 7.0 
0.0 8.0 0.0 18.0 19.0 
6.0 9.0 16.0 0.0 12.0 
19.0 14.0 23.0 10.0 0.0 
0.0 19.0 0.0 10.0 0.0 
18.0 0.0 5.0 7.0 13.0 
12.0 18.0 0.0 9.0 13.0 
2.0 14.0 8.0 0.0 0.0 
7.0 1.0 4.0 20.0 0.0 
0.0 10.0 9.0 17.0 23.0 
21.0 0.0 9.0 19.0 18.0 
1.0 24.0 0.0 2.0 5.0 
20.0 15.0 15.0 0.0 22.0 
13.0 17.0 16.0 18.0 0.0 
0.0 14.0 22.0 14.0 2.0 
17.0 0.0 1.0 17.0 13.0 
2.0 9.0 0.0 5.0 10.0 
7.0 17.0 3.0 0.0 11.0 
13.0 17.0 14.0 7.0 0.0 
0.0 20.0 5.0 10.0 5.0 
10.0 0.0 20.0 3.0 13.0 
24.0 5.0 0.0 23.0 21.0 
8.0 13.0 20.0 0.0 6.0 
21.0 14.0 20.0 15.0 0.0 
0.0 8.0 5.0 1.0 22.0 
0.0 0.0 6.0 0.0 22.0 
22.0 6.0 0.0 21.0 24.0 
14.0 7.0 14.0 0.0 4.0 
4.0 18.0 5.0 0.0 0.0 
0.0 4.0 19.0 5.0 9.0 
3.0 0.0 18.0 21.0 18.0 
13.0 20.0 0.0 21.0 1.0 
0.0 6.0 12.0 0.0 3.0 
21.0 7.0 18.0 10.0 0.0 
0.0 2.0 18.0 3.0 9.0 
15.0 0.0 24.0 11.0 22.0 
8.0 2.0 0.0 1.0 22.0 
21.0 12.0 9.0 0.0 20.0 
18.0 20.0 23.0 20.0 0.0 
0.0 0.0 12.0 3.0 3.0 
19.0 0.0 24.0 17.0 13.0 
14.0 10.0 0.0 24.0 2.0 
9.0 4.0 18.0 0.0 10.0 
14.0 6.0 5.0 1.0 0.0 
0.0 20.0 15.0 21.0 19.0 
19.0 0.0 2.0 7.0 0.0 
0.0 20.0 0.0 3.0 24.0 
21.0 9.0 19.0 0.0 1.0 
2.0 8.0 22.0 4.0 0.0 
