0.0 11.0 21.0 15.0 21.0 
19.0 0.0 10.0 18.0 2.0 
5.0 14.0 0.0 0.0 5.0 
0.0 19.0 4.0 0.0 15.0 
0.0 23.0 14.0 18.0 0.0 
0.0 12.0 6.0 22.0 1.0 
1.0 0.0 11.0 24.0 16.0 
5.0 16.0 0.0 14.0 18.0 
5.0 22.0 22.0 0.0 1.0 
7.0 5.0 13.0 10.0 0.0 
0.0 18.0 14.0 7.0 11.0 
20.0 0.0 21.0 20.0 7.0 
5.0 19.0 0.0 0.0 8.0 
2.0 3.0 6.0 0.0 1.0 
2.0 6.0 10.0 6.0 0.0 
0.0 22.0 5.0 1.0 5.0 
16.0 0.0 3.0 8.0 2.0 
22.0 20.0 0.0 21.0 9.0 
1.0 17.0 8.0 0.0 20.0 
24.0 3.0 8.0 3.0 0.0 
0.0 4.0 4.0 16.0 2.0 
8.0 0.0 22.0 15.0 11.0 
9.0 9.0 0.0 11.0 24.0 
7.0 12.0 15.0 0.0 20.0 
6.0 2.0 19.0 14.0 0.0 
0.0 1.0 11.0 20.0 5.0 
8.0 0.0 11.0 5.0 4.0 
7.0 12.0 0.0 24.0 14.0 
22.0 12.0 2.0 0.0 6.0 
18.0 7.0 8.0 6.0 0.0 
0.0 8.0 3.0 20.0 11.0 
4.0 0.0 14.0 3.0 10.0 
9.0 11.0 0.0 5.0 18.0 
11.0 9.0 17.0 0.0 18.0 
1.0 5.0 7.0 14.0 0.0 
0.0 11.0 3.0 12.0 6.0 
5.0 0.0 19.0 8.0 22.0 
23.0 5.0 0.0 21.0 21.0 
15.0 5.0 3.0 0.0 14.0 
13.0 12.0 9.0 10.0 0.0 
0.0 14.0 19.0 21.0 5.0 
24.0 0.0 21.0 0.0 4.0 
7.0 15.0 0.0 24.0 3.0 
19.0 9.0 15.0 0.0 18.0 
19.0 17.0 14.0 7.0 0.0 
0.0 0.0 17.0 7.0 8.0 
9.0 0.0 6.0 17.0 8.0 
2.0 0.0 0.0 3.0 10.0 
3.0 1.0 7.0 0.0 7.0 
18.0 7.0 5.0 23.0 0.0 
0.0 20.0 6.0 17.0 12.0 
1.0 0.0 23.0 20.0 13.0 
2.0 12.0 0.0 0.0 20.0 
8.0 9.0 8.0 0.0 17.0 
5.0 3.0 19.0 11.0 0.0 
0.0 11.0 4.0 5.0 15.0 
2.0 0.0 3.0 12.0 8.0 
4.0 6.0 0.0 16.0 15.0 
0.0 16.0 7.0 0.0 17.0 
8.0 7.0 14.0 8.0 0.0 
