0.0 9.0 11.0 1.0 5.0 
15.0 0.0 2.0 15.0 22.0 
6.0 16.0 0.0 22.0 24.0 
10.0 8.0 20.0 0.0 1.0 
1.0 19.0 1.0 6.0 0.0 
0.0 18.0 9.0 20.0 11.0 
11.0 0.0 13.0 3.0 24.0 
6.0 13.0 0.0 19.0 0.0 
21.0 11.0 2.0 0.0 6.0 
23.0 8.0 9.0 21.0 0.0 
0.0 11.0 8.0 14.0 21.0 
12.0 0.0 4.0 16.0 24.0 
21.0 20.0 0.0 22.0 1.0 
24.0 17.0 22.0 0.0 5.0 
6.0 8.0 12.0 17.0 0.0 
0.0 24.0 16.0 9.0 22.0 
1.0 0.0 6.0 7.0 9.0 
10.0 20.0 0.0 5.0 16.0 
6.0 16.0 15.0 0.0 17.0 
18.0 7.0 24.0 16.0 0.0 
0.0 12.0 24.0 9.0 8.0 
11.0 0.0 21.0 15.0 1.0 
13.0 11.0 0.0 15.0 10.0 
19.0 9.0 24.0 0.0 6.0 
19.0 18.0 17.0 22.0 0.0 
0.0 18.0 14.0 1.0 7.0 
10.0 0.0 24.0 18.0 5.0 
12.0 5.0 0.0 24.0 6.0 
0.0 18.0 12.0 0.0 5.0 
18.0 12.0 4.0 13.0 0.0 
0.0 6.0 15.0 20.0 5.0 
16.0 0.0 16.0 24.0 17.0 
8.0 20.0 0.0 24.0 11.0 
9.0 24.0 6.0 0.0 19.0 
18.0 7.0 5.0 12.0 0.0 
0.0 12.0 8.0 21.0 4.0 
12.0 0.0 9.0 4.0 5.0 
14.0 14.0 0.0 19.0 5.0 
22.0 12.0 23.0 0.0 6.0 
24.0 11.0 20.0 9.0 0.0 
0.0 5.0 12.0 10.0 1.0 
1.0 0.0 9.0 9.0 5.0 
20.0 16.0 0.0 13.0 15.0 
6.0 13.0 17.0 0.0 24.0 
9.0 1.0 24.0 7.0 0.0 
0.0 22.0 19.0 23.0 24.0 
12.0 0.0 7.0 20.0 22.0 
0.0 12.0 0.0 7.0 15.0 
7.0 14.0 9.0 0.0 8.0 
12.0 16.0 17.0 21.0 0.0 
0.0 19.0 13.0 23.0 1.0 
16.0 0.0 15.0 1.0 0.0 
11.0 8.0 0.0 15.0 23.0 
4.0 11.0 19.0 0.0 5.0 
1.0 19.0 0.0 16.0 0.0 
0.0 16.0 15.0 19.0 5.0 
2.0 0.0 23.0 5.0 9.0 
0.0 21.0 0.0 21.0 12.0 
11.0 19.0 7.0 0.0 2.0 
16.0 3.0 6.0 20.0 0.0 
