0.0 8.0 3.0 9.0 1.0 
13.0 0.0 17.0 14.0 11.0 
19.0 23.0 0.0 11.0 5.0 
18.0 5.0 20.0 0.0 9.0 
5.0 2.0 18.0 7.0 0.0 
0.0 15.0 14.0 10.0 1.0 
21.0 0.0 22.0 13.0 23.0 
5.0 5.0 0.0 9.0 7.0 
22.0 24.0 15.0 0.0 5.0 
17.0 20.0 20.0 20.0 0.0 
0.0 11.0 24.0 12.0 24.0 
17.0 0.0 11.0 18.0 20.0 
10.0 21.0 0.0 21.0 2.0 
19.0 20.0 12.0 0.0 11.0 
19.0 0.0 15.0 18.0 0.0 
0.0 2.0 20.0 7.0 5.0 
11.0 0.0 6.0 12.0 10.0 
12.0 3.0 0.0 8.0 11.0 
17.0 10.0 3.0 0.0 0.0 
18.0 1.0 9.0 6.0 0.0 
0.0 23.0 24.0 12.0 8.0 
20.0 0.0 21.0 9.0 0.0 
19.0 7.0 0.0 13.0 7.0 
24.0 6.0 17.0 0.0 5.0 
0.0 2.0 14.0 13.0 0.0 
0.0 4.0 21.0 20.0 15.0 
10.0 0.0 17.0 12.0 2.0 
17.0 1.0 0.0 0.0 5.0 
21.0 19.0 3.0 0.0 16.0 
14.0 20.0 19.0 19.0 0.0 
0.0 18.0 20.0 10.0 6.0 
8.0 0.0 6.0 18.0 17.0 
2.0 14.0 0.0 20.0 3.0 
3.0 11.0 17.0 0.0 20.0 
0.0 11.0 1.0 23.0 0.0 
0.0 16.0 19.0 22.0 0.0 
10.0 0.0 2.0 0.0 3.0 
10.0 11.0 0.0 2.0 1.0 
7.0 7.0 18.0 0.0 3.0 
1.0 4.0 20.0 0.0 0.0 
0.0 23.0 19.0 17.0 8.0 
20.0 0.0 6.0 15.0 5.0 
16.0 0.0 0.0 13.0 12.0 
10.0 14.0 8.0 0.0 20.0 
11.0 13.0 16.0 3.0 0.0 
0.0 11.0 15.0 14.0 0.0 
5.0 0.0 20.0 23.0 1.0 
17.0 3.0 0.0 19.0 1.0 
23.0 0.0 15.0 0.0 23.0 
21.0 16.0 5.0 9.0 0.0 
0.0 4.0 15.0 4.0 7.0 
9.0 0.0 10.0 20.0 12.0 
14.0 21.0 0.0 19.0 2.0 
20.0 14.0 2.0 0.0 12.0 
19.0 10.0 7.0 4.0 0.0 
0.0 6.0 15.0 23.0 20.0 
9.0 0.0 6.0 13.0 22.0 
10.0 14.0 0.0 4.0 9.0 
4.0 10.0 8.0 0.0 6.0 
23.0 12.0 7.0 0.0 0.0 
