0.0 7.0 6.0 14.0 1.0 
12.0 0.0 15.0 2.0 6.0 
6.0 21.0 0.0 15.0 2.0 
4.0 11.0 13.0 0.0 2.0 
4.0 9.0 6.0 20.0 0.0 
0.0 15.0 12.0 24.0 18.0 
24.0 0.0 22.0 23.0 22.0 
3.0 8.0 0.0 23.0 5.0 
1.0 0.0 21.0 0.0 15.0 
6.0 15.0 14.0 17.0 0.0 
0.0 16.0 4.0 22.0 2.0 
0.0 0.0 17.0 6.0 17.0 
12.0 24.0 0.0 4.0 19.0 
20.0 19.0 13.0 0.0 6.0 
4.0 0.0 13.0 10.0 0.0 
0.0 9.0 17.0 21.0 3.0 
8.0 0.0 24.0 24.0 6.0 
8.0 14.0 0.0 2.0 2.0 
3.0 14.0 9.0 0.0 13.0 
22.0 5.0 19.0 3.0 0.0 
0.0 6.0 13.0 5.0 21.0 
15.0 0.0 1.0 22.0 18.0 
24.0 1.0 0.0 17.0 12.0 
21.0 16.0 0.0 0.0 12.0 
21.0 9.0 13.0 12.0 0.0 
0.0 15.0 1.0 7.0 23.0 
19.0 0.0 23.0 18.0 11.0 
10.0 11.0 0.0 5.0 12.0 
6.0 10.0 9.0 0.0 4.0 
8.0 12.0 20.0 13.0 0.0 
0.0 8.0 8.0 14.0 14.0 
1.0 0.0 24.0 5.0 14.0 
17.0 4.0 0.0 23.0 5.0 
24.0 24.0 18.0 0.0 17.0 
0.0 16.0 0.0 3.0 0.0 
0.0 22.0 7.0 8.0 19.0 
24.0 0.0 3.0 18.0 3.0 
14.0 22.0 0.0 18.0 24.0 
7.0 3.0 23.0 0.0 0.0 
8.0 4.0 10.0 9.0 0.0 
0.0 23.0 10.0 23.0 17.0 
21.0 0.0 16.0 6.0 3.0 
17.0 23.0 0.0 18.0 9.0 
19.0 4.0 7.0 0.0 23.0 
21.0 13.0 22.0 24.0 0.0 
0.0 7.0 12.0 10.0 4.0 
10.0 0.0 3.0 10.0 10.0 
13.0 16.0 0.0 17.0 22.0 
7.0 0.0 7.0 0.0 21.0 
22.0 15.0 12.0 20.0 0.0 
0.0 15.0 18.0 3.0 7.0 
6.0 0.0 8.0 2.0 1.0 
15.0 4.0 0.0 8.0 4.0 
17.0 9.0 1.0 0.0 19.0 
20.0 16.0 0.0 12.0 0.0 
0.0 24.0 13.0 14.0 16.0 
21.0 0.0 11.0 6.0 23.0 
13.0 13.0 0.0 8.0 17.0 
2.0 5.0 6.0 0.0 9.0 
9.0 18.0 16.0 8.0 0.0 
