0.0 24.0 0.0 7.0 9.0 
6.0 0.0 4.0 20.0 4.0 
21.0 18.0 0.0 14.0 4.0 
9.0 16.0 21.0 0.0 3.0 
21.0 9.0 0.0 10.0 0.0 
0.0 4.0 12.0 10.0 0.0 
8.0 0.0 6.0 24.0 18.0 
11.0 9.0 0.0 2.0 20.0 
14.0 20.0 24.0 0.0 12.0 
6.0 5.0 21.0 23.0 0.0 
0.0 20.0 0.0 10.0 22.0 
19.0 0.0 9.0 13.0 8.0 
15.0 20.0 0.0 0.0 9.0 
10.0 8.0 7.0 0.0 22.0 
3.0 10.0 20.0 21.0 0.0 
0.0 19.0 7.0 20.0 8.0 
20.0 0.0 4.0 17.0 3.0 
7.0 5.0 0.0 23.0 13.0 
11.0 7.0 22.0 0.0 21.0 
11.0 11.0 23.0 1.0 0.0 
0.0 0.0 9.0 10.0 6.0 
11.0 0.0 3.0 11.0 20.0 
14.0 2.0 0.0 15.0 5.0 
2.0 14.0 21.0 0.0 12.0 
17.0 9.0 17.0 24.0 0.0 
0.0 15.0 0.0 3.0 24.0 
13.0 0.0 7.0 9.0 9.0 
1.0 10.0 0.0 2.0 19.0 
8.0 24.0 15.0 0.0 22.0 
15.0 21.0 7.0 5.0 0.0 
0.0 24.0 7.0 14.0 14.0 
14.0 0.0 11.0 24.0 1.0 
24.0 19.0 0.0 7.0 14.0 
15.0 7.0 22.0 0.0 2.0 
14.0 23.0 8.0 14.0 0.0 
0.0 16.0 8.0 3.0 9.0 
9.0 0.0 11.0 19.0 9.0 
22.0 12.0 0.0 24.0 20.0 
10.0 2.0 16.0 0.0 20.0 
5.0 3.0 3.0 24.0 0.0 
0.0 15.0 4.0 17.0 16.0 
9.0 0.0 7.0 17.0 9.0 
1.0 14.0 0.0 5.0 15.0 
1.0 22.0 1.0 0.0 2.0 
6.0 5.0 10.0 4.0 0.0 
0.0 12.0 21.0 1.0 21.0 
0.0 0.0 13.0 6.0 22.0 
12.0 5.0 0.0 4.0 16.0 
15.0 2.0 12.0 0.0 18.0 
3.0 10.0 24.0 23.0 0.0 
0.0 17.0 14.0 3.0 19.0 
15.0 0.0 11.0 22.0 19.0 
2.0 17.0 0.0 23.0 1.0 
11.0 13.0 10.0 0.0 9.0 
2.0 11.0 16.0 17.0 0.0 
0.0 9.0 6.0 8.0 9.0 
21.0 0.0 19.0 14.0 21.0 
7.0 10.0 0.0 5.0 8.0 
16.0 19.0 14.0 0.0 7.0 
17.0 13.0 11.0 2.0 0.0 
