0.0 17.0 17.0 2.0 17.0 
7.0 0.0 2.0 4.0 19.0 
19.0 16.0 0.0 17.0 14.0 
0.0 11.0 3.0 0.0 3.0 
17.0 18.0 2.0 24.0 0.0 
0.0 1.0 17.0 9.0 20.0 
10.0 0.0 13.0 12.0 6.0 
1.0 2.0 0.0 23.0 7.0 
16.0 0.0 7.0 0.0 8.0 
11.0 17.0 11.0 7.0 0.0 
0.0 22.0 16.0 13.0 19.0 
2.0 0.0 6.0 23.0 3.0 
3.0 12.0 0.0 19.0 4.0 
0.0 20.0 17.0 0.0 11.0 
24.0 8.0 6.0 13.0 0.0 
0.0 9.0 5.0 21.0 23.0 
3.0 0.0 6.0 12.0 7.0 
10.0 16.0 0.0 17.0 17.0 
9.0 4.0 3.0 0.0 22.0 
1.0 18.0 9.0 24.0 0.0 
0.0 3.0 24.0 1.0 13.0 
1.0 0.0 12.0 18.0 1.0 
5.0 9.0 0.0 22.0 21.0 
14.0 12.0 24.0 0.0 2.0 
19.0 5.0 5.0 13.0 0.0 
0.0 8.0 20.0 15.0 19.0 
12.0 0.0 2.0 22.0 21.0 
11.0 2.0 0.0 8.0 10.0 
9.0 1.0 6.0 0.0 15.0 
10.0 18.0 0.0 11.0 0.0 
0.0 8.0 19.0 22.0 11.0 
6.0 0.0 11.0 13.0 15.0 
1.0 11.0 0.0 7.0 3.0 
23.0 6.0 16.0 0.0 16.0 
1.0 5.0 3.0 19.0 0.0 
0.0 21.0 16.0 10.0 6.0 
21.0 0.0 11.0 15.0 15.0 
16.0 12.0 0.0 0.0 24.0 
4.0 3.0 22.0 0.0 18.0 
1.0 5.0 18.0 8.0 0.0 
0.0 13.0 8.0 13.0 15.0 
10.0 0.0 14.0 15.0 15.0 
2.0 14.0 0.0 11.0 20.0 
5.0 12.0 2.0 0.0 23.0 
15.0 9.0 23.0 20.0 0.0 
0.0 9.0 5.0 23.0 0.0 
24.0 0.0 20.0 10.0 9.0 
24.0 22.0 0.0 23.0 6.0 
16.0 14.0 17.0 0.0 17.0 
9.0 22.0 17.0 15.0 0.0 
0.0 9.0 23.0 8.0 12.0 
17.0 0.0 21.0 24.0 10.0 
8.0 7.0 0.0 19.0 5.0 
8.0 9.0 9.0 0.0 21.0 
9.0 21.0 2.0 2.0 0.0 
0.0 14.0 12.0 9.0 17.0 
8.0 0.0 2.0 23.0 13.0 
20.0 3.0 0.0 6.0 5.0 
23.0 14.0 10.0 0.0 8.0 
13.0 5.0 22.0 6.0 0.0 
