0.0 11.0 7.0 13.0 23.0 
12.0 0.0 18.0 13.0 12.0 
5.0 3.0 0.0 5.0 12.0 
20.0 17.0 19.0 0.0 20.0 
20.0 19.0 5.0 10.0 0.0 
0.0 24.0 8.0 17.0 10.0 
8.0 0.0 17.0 16.0 13.0 
17.0 21.0 0.0 8.0 20.0 
7.0 21.0 21.0 0.0 14.0 
8.0 15.0 6.0 16.0 0.0 
0.0 8.0 5.0 11.0 21.0 
5.0 0.0 2.0 10.0 2.0 
15.0 22.0 0.0 21.0 12.0 
12.0 3.0 14.0 0.0 0.0 
22.0 9.0 8.0 16.0 0.0 
0.0 21.0 17.0 13.0 10.0 
5.0 0.0 3.0 22.0 24.0 
14.0 18.0 0.0 11.0 13.0 
16.0 6.0 22.0 0.0 22.0 
19.0 11.0 11.0 14.0 0.0 
0.0 9.0 11.0 23.0 9.0 
13.0 0.0 11.0 23.0 7.0 
7.0 22.0 0.0 22.0 22.0 
0.0 24.0 6.0 0.0 6.0 
0.0 13.0 8.0 1.0 0.0 
0.0 5.0 14.0 24.0 3.0 
24.0 0.0 0.0 22.0 3.0 
14.0 13.0 0.0 16.0 10.0 
16.0 9.0 10.0 0.0 19.0 
12.0 21.0 3.0 1.0 0.0 
0.0 5.0 16.0 24.0 12.0 
14.0 0.0 20.0 20.0 8.0 
22.0 0.0 0.0 13.0 1.0 
6.0 22.0 7.0 0.0 14.0 
3.0 22.0 4.0 10.0 0.0 
0.0 21.0 3.0 19.0 9.0 
10.0 0.0 16.0 22.0 21.0 
14.0 6.0 0.0 2.0 9.0 
15.0 14.0 12.0 0.0 14.0 
13.0 9.0 8.0 16.0 0.0 
0.0 23.0 8.0 9.0 3.0 
12.0 0.0 10.0 3.0 11.0 
5.0 4.0 0.0 19.0 18.0 
3.0 20.0 24.0 0.0 6.0 
3.0 18.0 0.0 19.0 0.0 
0.0 21.0 3.0 16.0 3.0 
14.0 0.0 24.0 19.0 10.0 
22.0 0.0 0.0 4.0 9.0 
0.0 7.0 1.0 0.0 22.0 
5.0 10.0 10.0 19.0 0.0 
0.0 19.0 1.0 23.0 14.0 
19.0 0.0 21.0 23.0 18.0 
12.0 16.0 0.0 15.0 7.0 
14.0 7.0 10.0 0.0 1.0 
18.0 4.0 10.0 8.0 0.0 
0.0 2.0 14.0 2.0 4.0 
13.0 0.0 13.0 23.0 0.0 
19.0 7.0 0.0 5.0 8.0 
6.0 20.0 16.0 0.0 16.0 
10.0 18.0 23.0 6.0 0.0 
