0.0 23.0 20.0 3.0 14.0 
12.0 0.0 0.0 8.0 14.0 
8.0 5.0 0.0 0.0 8.0 
24.0 2.0 0.0 0.0 19.0 
4.0 1.0 18.0 2.0 0.0 
0.0 5.0 18.0 17.0 1.0 
9.0 0.0 3.0 14.0 10.0 
7.0 20.0 0.0 22.0 5.0 
14.0 1.0 19.0 0.0 7.0 
8.0 13.0 4.0 4.0 0.0 
0.0 3.0 16.0 19.0 12.0 
5.0 0.0 19.0 10.0 14.0 
24.0 17.0 0.0 7.0 7.0 
10.0 7.0 3.0 0.0 4.0 
5.0 6.0 13.0 2.0 0.0 
0.0 24.0 11.0 17.0 9.0 
17.0 0.0 3.0 10.0 12.0 
9.0 6.0 0.0 18.0 21.0 
12.0 20.0 11.0 0.0 23.0 
18.0 16.0 14.0 10.0 0.0 
0.0 3.0 3.0 13.0 8.0 
1.0 0.0 12.0 0.0 23.0 
7.0 15.0 0.0 1.0 18.0 
8.0 18.0 8.0 0.0 2.0 
21.0 1.0 21.0 4.0 0.0 
0.0 0.0 22.0 1.0 12.0 
19.0 0.0 6.0 20.0 3.0 
3.0 8.0 0.0 20.0 21.0 
14.0 12.0 24.0 0.0 1.0 
3.0 11.0 21.0 15.0 0.0 
0.0 2.0 19.0 16.0 7.0 
20.0 0.0 3.0 1.0 23.0 
5.0 14.0 0.0 10.0 1.0 
2.0 20.0 9.0 0.0 20.0 
2.0 16.0 11.0 10.0 0.0 
0.0 13.0 6.0 16.0 5.0 
21.0 0.0 3.0 13.0 5.0 
12.0 8.0 0.0 8.0 6.0 
12.0 16.0 12.0 0.0 2.0 
10.0 0.0 10.0 8.0 0.0 
0.0 7.0 2.0 5.0 10.0 
16.0 0.0 14.0 14.0 13.0 
17.0 24.0 0.0 7.0 3.0 
19.0 18.0 4.0 0.0 10.0 
20.0 5.0 3.0 17.0 0.0 
0.0 4.0 22.0 17.0 19.0 
15.0 0.0 9.0 10.0 12.0 
22.0 21.0 0.0 5.0 5.0 
7.0 1.0 3.0 0.0 1.0 
12.0 1.0 12.0 24.0 0.0 
0.0 5.0 5.0 14.0 16.0 
19.0 0.0 14.0 3.0 9.0 
14.0 16.0 0.0 0.0 0.0 
22.0 7.0 3.0 0.0 24.0 
19.0 3.0 13.0 0.0 0.0 
0.0 6.0 23.0 8.0 11.0 
14.0 0.0 6.0 11.0 8.0 
10.0 14.0 0.0 3.0 4.0 
21.0 0.0 5.0 0.0 7.0 
16.0 2.0 23.0 15.0 0.0 
