0.0 22.0 3.0 12.0 17.0 
17.0 0.0 9.0 1.0 12.0 
2.0 9.0 0.0 23.0 6.0 
22.0 17.0 22.0 0.0 16.0 
5.0 23.0 3.0 16.0 0.0 
0.0 5.0 24.0 23.0 0.0 
9.0 0.0 1.0 12.0 21.0 
11.0 0.0 0.0 11.0 2.0 
20.0 24.0 7.0 0.0 1.0 
3.0 16.0 6.0 12.0 0.0 
0.0 3.0 3.0 6.0 24.0 
18.0 0.0 7.0 16.0 10.0 
4.0 18.0 0.0 8.0 20.0 
12.0 14.0 17.0 0.0 23.0 
5.0 15.0 10.0 11.0 0.0 
0.0 23.0 12.0 21.0 13.0 
2.0 0.0 1.0 24.0 9.0 
14.0 13.0 0.0 17.0 0.0 
8.0 3.0 6.0 0.0 5.0 
7.0 10.0 6.0 21.0 0.0 
0.0 0.0 2.0 22.0 7.0 
6.0 0.0 7.0 18.0 7.0 
21.0 5.0 0.0 20.0 10.0 
22.0 16.0 14.0 0.0 8.0 
8.0 12.0 0.0 21.0 0.0 
0.0 3.0 16.0 22.0 16.0 
22.0 0.0 0.0 4.0 11.0 
17.0 8.0 0.0 17.0 0.0 
16.0 15.0 13.0 0.0 13.0 
23.0 17.0 9.0 21.0 0.0 
0.0 13.0 6.0 13.0 4.0 
10.0 0.0 13.0 7.0 22.0 
1.0 7.0 0.0 8.0 11.0 
6.0 13.0 21.0 0.0 15.0 
0.0 5.0 16.0 8.0 0.0 
0.0 15.0 8.0 4.0 14.0 
17.0 0.0 20.0 1.0 6.0 
2.0 16.0 0.0 1.0 1.0 
19.0 5.0 20.0 0.0 6.0 
5.0 6.0 4.0 21.0 0.0 
0.0 10.0 22.0 23.0 7.0 
10.0 0.0 4.0 21.0 4.0 
15.0 24.0 0.0 13.0 16.0 
23.0 18.0 6.0 0.0 20.0 
19.0 20.0 7.0 9.0 0.0 
0.0 16.0 5.0 0.0 15.0 
24.0 0.0 3.0 13.0 15.0 
8.0 7.0 0.0 13.0 14.0 
1.0 16.0 14.0 0.0 15.0 
2.0 15.0 9.0 1.0 0.0 
0.0 22.0 9.0 16.0 24.0 
7.0 0.0 7.0 14.0 21.0 
13.0 15.0 0.0 8.0 16.0 
13.0 1.0 1.0 0.0 2.0 
21.0 2.0 23.0 21.0 0.0 
0.0 20.0 10.0 9.0 8.0 
3.0 0.0 10.0 11.0 5.0 
11.0 4.0 0.0 3.0 6.0 
18.0 15.0 1.0 0.0 9.0 
8.0 4.0 15.0 17.0 0.0 
