0.0 10.0 6.0 3.0 22.0 
23.0 0.0 16.0 14.0 21.0 
16.0 6.0 0.0 5.0 15.0 
6.0 16.0 4.0 0.0 8.0 
19.0 14.0 5.0 23.0 0.0 
0.0 21.0 19.0 7.0 13.0 
18.0 0.0 24.0 14.0 22.0 
2.0 9.0 0.0 9.0 21.0 
2.0 8.0 12.0 0.0 8.0 
9.0 15.0 6.0 20.0 0.0 
0.0 4.0 0.0 20.0 3.0 
3.0 0.0 13.0 14.0 11.0 
22.0 19.0 0.0 13.0 11.0 
0.0 17.0 18.0 0.0 9.0 
9.0 11.0 18.0 16.0 0.0 
0.0 16.0 21.0 7.0 13.0 
22.0 0.0 4.0 12.0 4.0 
10.0 7.0 0.0 1.0 0.0 
21.0 10.0 4.0 0.0 5.0 
19.0 11.0 16.0 4.0 0.0 
0.0 6.0 21.0 12.0 22.0 
22.0 0.0 15.0 18.0 14.0 
22.0 23.0 0.0 23.0 4.0 
11.0 9.0 7.0 0.0 5.0 
3.0 16.0 20.0 12.0 0.0 
0.0 16.0 8.0 6.0 15.0 
20.0 0.0 14.0 24.0 15.0 
9.0 16.0 0.0 21.0 8.0 
12.0 1.0 2.0 0.0 24.0 
1.0 4.0 8.0 18.0 0.0 
0.0 3.0 9.0 21.0 12.0 
4.0 0.0 19.0 9.0 13.0 
10.0 16.0 0.0 1.0 7.0 
12.0 2.0 17.0 0.0 0.0 
12.0 23.0 14.0 15.0 0.0 
0.0 15.0 15.0 24.0 7.0 
4.0 0.0 11.0 0.0 16.0 
2.0 6.0 0.0 5.0 15.0 
15.0 11.0 16.0 0.0 16.0 
23.0 14.0 24.0 21.0 0.0 
0.0 13.0 0.0 19.0 2.0 
15.0 0.0 6.0 13.0 19.0 
18.0 15.0 0.0 20.0 18.0 
18.0 4.0 24.0 0.0 14.0 
5.0 12.0 15.0 0.0 0.0 
0.0 16.0 24.0 3.0 6.0 
15.0 0.0 9.0 0.0 14.0 
4.0 9.0 0.0 3.0 23.0 
19.0 14.0 12.0 0.0 21.0 
3.0 15.0 5.0 18.0 0.0 
0.0 9.0 8.0 2.0 24.0 
4.0 0.0 18.0 14.0 4.0 
7.0 15.0 0.0 14.0 12.0 
5.0 3.0 23.0 0.0 22.0 
3.0 6.0 18.0 0.0 0.0 
0.0 18.0 14.0 12.0 12.0 
14.0 0.0 21.0 14.0 9.0 
16.0 22.0 0.0 9.0 22.0 
1.0 15.0 20.0 0.0 0.0 
17.0 14.0 13.0 1.0 0.0 
