0.0 19.0 22.0 19.0 6.0 
14.0 0.0 14.0 17.0 22.0 
14.0 22.0 0.0 10.0 7.0 
0.0 18.0 18.0 0.0 16.0 
9.0 4.0 6.0 16.0 0.0 
0.0 22.0 15.0 4.0 5.0 
22.0 0.0 10.0 12.0 13.0 
5.0 13.0 0.0 3.0 0.0 
3.0 8.0 2.0 0.0 8.0 
9.0 14.0 2.0 22.0 0.0 
0.0 15.0 10.0 23.0 22.0 
21.0 0.0 18.0 24.0 24.0 
7.0 21.0 0.0 0.0 2.0 
24.0 13.0 9.0 0.0 18.0 
22.0 18.0 6.0 22.0 0.0 
0.0 16.0 7.0 8.0 11.0 
4.0 0.0 24.0 6.0 23.0 
8.0 3.0 0.0 14.0 16.0 
6.0 14.0 2.0 0.0 24.0 
17.0 16.0 19.0 14.0 0.0 
0.0 3.0 20.0 5.0 11.0 
14.0 0.0 4.0 22.0 5.0 
16.0 6.0 0.0 5.0 2.0 
15.0 12.0 6.0 0.0 12.0 
14.0 12.0 10.0 6.0 0.0 
0.0 9.0 7.0 4.0 14.0 
22.0 0.0 3.0 6.0 17.0 
12.0 6.0 0.0 0.0 14.0 
17.0 13.0 3.0 0.0 22.0 
23.0 13.0 5.0 3.0 0.0 
0.0 22.0 21.0 0.0 5.0 
2.0 0.0 17.0 2.0 2.0 
24.0 22.0 0.0 19.0 21.0 
16.0 18.0 7.0 0.0 11.0 
24.0 8.0 1.0 7.0 0.0 
0.0 6.0 7.0 3.0 22.0 
18.0 0.0 18.0 20.0 20.0 
18.0 11.0 0.0 6.0 14.0 
17.0 20.0 20.0 0.0 16.0 
8.0 3.0 0.0 11.0 0.0 
0.0 18.0 20.0 6.0 1.0 
7.0 0.0 20.0 5.0 1.0 
9.0 10.0 0.0 6.0 0.0 
2.0 3.0 5.0 0.0 8.0 
23.0 2.0 11.0 2.0 0.0 
0.0 21.0 2.0 23.0 8.0 
23.0 0.0 8.0 16.0 13.0 
11.0 19.0 0.0 20.0 18.0 
12.0 6.0 3.0 0.0 6.0 
13.0 4.0 17.0 4.0 0.0 
0.0 10.0 20.0 23.0 15.0 
4.0 0.0 3.0 0.0 3.0 
1.0 4.0 0.0 18.0 18.0 
16.0 14.0 14.0 0.0 10.0 
15.0 5.0 20.0 2.0 0.0 
0.0 24.0 13.0 7.0 7.0 
4.0 0.0 12.0 23.0 20.0 
22.0 6.0 0.0 13.0 14.0 
9.0 22.0 11.0 0.0 3.0 
19.0 22.0 2.0 21.0 0.0 
