0.0 2.0 22.0 14.0 4.0 
16.0 0.0 15.0 0.0 6.0 
3.0 23.0 0.0 9.0 5.0 
22.0 21.0 21.0 0.0 22.0 
15.0 7.0 4.0 15.0 0.0 
0.0 10.0 15.0 10.0 17.0 
20.0 0.0 11.0 4.0 2.0 
20.0 17.0 0.0 6.0 19.0 
8.0 3.0 19.0 0.0 19.0 
14.0 24.0 16.0 19.0 0.0 
0.0 17.0 0.0 23.0 20.0 
5.0 0.0 3.0 11.0 7.0 
15.0 24.0 0.0 23.0 13.0 
24.0 1.0 17.0 0.0 21.0 
16.0 4.0 24.0 24.0 0.0 
0.0 14.0 19.0 6.0 2.0 
5.0 0.0 2.0 23.0 16.0 
17.0 19.0 0.0 5.0 12.0 
8.0 23.0 18.0 0.0 2.0 
16.0 23.0 24.0 18.0 0.0 
0.0 7.0 18.0 7.0 12.0 
5.0 0.0 22.0 5.0 11.0 
5.0 10.0 0.0 24.0 3.0 
2.0 18.0 2.0 0.0 2.0 
3.0 10.0 23.0 1.0 0.0 
0.0 2.0 1.0 2.0 24.0 
19.0 0.0 18.0 8.0 7.0 
19.0 11.0 0.0 3.0 21.0 
18.0 2.0 20.0 0.0 9.0 
3.0 9.0 5.0 0.0 0.0 
0.0 23.0 13.0 3.0 1.0 
8.0 0.0 10.0 18.0 17.0 
9.0 23.0 0.0 8.0 2.0 
17.0 16.0 5.0 0.0 18.0 
2.0 24.0 15.0 14.0 0.0 
0.0 12.0 17.0 14.0 10.0 
21.0 0.0 1.0 0.0 12.0 
2.0 16.0 0.0 6.0 2.0 
17.0 1.0 21.0 0.0 22.0 
11.0 15.0 23.0 9.0 0.0 
0.0 6.0 5.0 20.0 22.0 
24.0 0.0 12.0 8.0 15.0 
0.0 0.0 0.0 22.0 3.0 
22.0 21.0 7.0 0.0 18.0 
24.0 22.0 2.0 12.0 0.0 
0.0 20.0 19.0 14.0 12.0 
4.0 0.0 14.0 17.0 24.0 
4.0 15.0 0.0 2.0 24.0 
2.0 19.0 6.0 0.0 18.0 
16.0 20.0 7.0 1.0 0.0 
0.0 10.0 11.0 2.0 14.0 
14.0 0.0 17.0 17.0 13.0 
15.0 19.0 0.0 8.0 20.0 
5.0 7.0 0.0 0.0 23.0 
7.0 20.0 19.0 5.0 0.0 
0.0 19.0 16.0 10.0 7.0 
23.0 0.0 20.0 8.0 19.0 
0.0 19.0 0.0 13.0 18.0 
24.0 0.0 19.0 0.0 22.0 
10.0 15.0 1.0 10.0 0.0 
