0.0 1.0 9.0 14.0 11.0 
22.0 0.0 11.0 10.0 16.0 
14.0 19.0 0.0 9.0 20.0 
4.0 9.0 17.0 0.0 22.0 
3.0 23.0 23.0 9.0 0.0 
0.0 14.0 12.0 6.0 17.0 
3.0 0.0 12.0 17.0 6.0 
22.0 10.0 0.0 21.0 4.0 
7.0 23.0 6.0 0.0 2.0 
2.0 11.0 10.0 9.0 0.0 
0.0 14.0 22.0 11.0 21.0 
12.0 0.0 21.0 17.0 8.0 
9.0 7.0 0.0 19.0 11.0 
4.0 21.0 6.0 0.0 17.0 
18.0 22.0 18.0 6.0 0.0 
0.0 20.0 24.0 6.0 23.0 
15.0 0.0 6.0 4.0 13.0 
4.0 15.0 0.0 23.0 11.0 
6.0 8.0 2.0 0.0 7.0 
11.0 14.0 24.0 7.0 0.0 
0.0 13.0 3.0 14.0 20.0 
23.0 0.0 15.0 22.0 3.0 
4.0 18.0 0.0 1.0 12.0 
18.0 16.0 12.0 0.0 6.0 
19.0 4.0 22.0 19.0 0.0 
0.0 16.0 17.0 0.0 22.0 
14.0 0.0 17.0 21.0 17.0 
10.0 6.0 0.0 12.0 5.0 
2.0 5.0 6.0 0.0 24.0 
3.0 4.0 7.0 5.0 0.0 
0.0 7.0 19.0 11.0 7.0 
18.0 0.0 6.0 4.0 4.0 
12.0 1.0 0.0 4.0 15.0 
6.0 7.0 12.0 0.0 4.0 
10.0 10.0 14.0 17.0 0.0 
0.0 12.0 0.0 9.0 17.0 
11.0 0.0 15.0 5.0 5.0 
11.0 10.0 0.0 6.0 14.0 
10.0 0.0 14.0 0.0 15.0 
1.0 18.0 19.0 11.0 0.0 
0.0 6.0 24.0 0.0 5.0 
20.0 0.0 5.0 11.0 24.0 
15.0 1.0 0.0 3.0 16.0 
20.0 8.0 20.0 0.0 11.0 
8.0 4.0 24.0 19.0 0.0 
0.0 8.0 3.0 22.0 11.0 
5.0 0.0 1.0 10.0 10.0 
7.0 7.0 0.0 6.0 20.0 
7.0 0.0 24.0 0.0 5.0 
11.0 2.0 8.0 7.0 0.0 
0.0 8.0 8.0 11.0 7.0 
8.0 0.0 7.0 13.0 15.0 
6.0 15.0 0.0 3.0 0.0 
15.0 8.0 19.0 0.0 22.0 
9.0 6.0 16.0 10.0 0.0 
0.0 20.0 19.0 11.0 21.0 
5.0 0.0 8.0 13.0 7.0 
3.0 8.0 0.0 3.0 5.0 
17.0 24.0 15.0 0.0 13.0 
9.0 3.0 1.0 0.0 0.0 
