0.0 2.0 7.0 18.0 9.0 
20.0 0.0 15.0 11.0 0.0 
4.0 13.0 0.0 10.0 13.0 
12.0 7.0 15.0 0.0 10.0 
19.0 9.0 2.0 0.0 0.0 
0.0 7.0 16.0 3.0 4.0 
17.0 0.0 7.0 14.0 18.0 
4.0 23.0 0.0 20.0 21.0 
22.0 5.0 19.0 0.0 4.0 
23.0 3.0 6.0 21.0 0.0 
0.0 14.0 2.0 9.0 16.0 
5.0 0.0 11.0 5.0 6.0 
9.0 23.0 0.0 13.0 1.0 
21.0 2.0 14.0 0.0 10.0 
16.0 14.0 15.0 6.0 0.0 
0.0 3.0 7.0 6.0 10.0 
0.0 0.0 11.0 4.0 8.0 
12.0 14.0 0.0 24.0 12.0 
5.0 15.0 14.0 0.0 18.0 
2.0 5.0 7.0 11.0 0.0 
0.0 2.0 13.0 17.0 0.0 
10.0 0.0 7.0 11.0 2.0 
1.0 3.0 0.0 3.0 9.0 
2.0 14.0 12.0 0.0 20.0 
13.0 22.0 7.0 11.0 0.0 
0.0 15.0 12.0 3.0 24.0 
9.0 0.0 6.0 3.0 16.0 
19.0 16.0 0.0 9.0 6.0 
0.0 5.0 9.0 0.0 12.0 
18.0 3.0 23.0 6.0 0.0 
0.0 14.0 17.0 24.0 21.0 
15.0 0.0 2.0 18.0 5.0 
8.0 24.0 0.0 21.0 8.0 
23.0 10.0 23.0 0.0 4.0 
5.0 13.0 20.0 1.0 0.0 
0.0 20.0 17.0 3.0 6.0 
20.0 0.0 1.0 8.0 21.0 
16.0 10.0 0.0 19.0 9.0 
22.0 21.0 8.0 0.0 18.0 
4.0 1.0 23.0 7.0 0.0 
0.0 4.0 4.0 17.0 4.0 
22.0 0.0 16.0 7.0 12.0 
24.0 17.0 0.0 15.0 22.0 
17.0 12.0 20.0 0.0 24.0 
9.0 17.0 4.0 1.0 0.0 
0.0 0.0 13.0 7.0 19.0 
3.0 0.0 21.0 2.0 4.0 
17.0 2.0 0.0 3.0 16.0 
0.0 16.0 18.0 0.0 0.0 
5.0 18.0 19.0 14.0 0.0 
0.0 11.0 11.0 11.0 22.0 
19.0 0.0 15.0 17.0 14.0 
22.0 23.0 0.0 4.0 0.0 
21.0 16.0 12.0 0.0 24.0 
11.0 3.0 1.0 8.0 0.0 
0.0 10.0 17.0 15.0 19.0 
13.0 0.0 5.0 18.0 16.0 
19.0 21.0 0.0 8.0 6.0 
6.0 1.0 8.0 0.0 12.0 
4.0 23.0 17.0 12.0 0.0 
