0.0 4.0 20.0 7.0 12.0 
16.0 0.0 12.0 20.0 7.0 
15.0 23.0 0.0 13.0 9.0 
24.0 16.0 19.0 0.0 6.0 
11.0 11.0 0.0 7.0 0.0 
0.0 6.0 19.0 4.0 2.0 
23.0 0.0 15.0 3.0 14.0 
5.0 22.0 0.0 0.0 24.0 
11.0 11.0 6.0 0.0 23.0 
11.0 3.0 17.0 24.0 0.0 
0.0 2.0 9.0 1.0 24.0 
6.0 0.0 10.0 9.0 18.0 
13.0 10.0 0.0 17.0 18.0 
12.0 1.0 24.0 0.0 13.0 
2.0 8.0 23.0 9.0 0.0 
0.0 5.0 15.0 2.0 15.0 
24.0 0.0 20.0 2.0 11.0 
18.0 17.0 0.0 1.0 7.0 
12.0 11.0 19.0 0.0 14.0 
4.0 23.0 0.0 19.0 0.0 
0.0 15.0 0.0 2.0 9.0 
22.0 0.0 24.0 8.0 4.0 
8.0 21.0 0.0 19.0 2.0 
1.0 12.0 2.0 0.0 20.0 
9.0 23.0 14.0 1.0 0.0 
0.0 11.0 17.0 17.0 15.0 
11.0 0.0 23.0 24.0 0.0 
6.0 6.0 0.0 8.0 21.0 
24.0 9.0 22.0 0.0 4.0 
17.0 8.0 6.0 5.0 0.0 
0.0 4.0 8.0 23.0 13.0 
14.0 0.0 10.0 7.0 15.0 
8.0 16.0 0.0 11.0 20.0 
1.0 2.0 22.0 0.0 17.0 
21.0 2.0 0.0 19.0 0.0 
0.0 2.0 12.0 18.0 13.0 
14.0 0.0 19.0 2.0 13.0 
22.0 10.0 0.0 6.0 1.0 
14.0 3.0 18.0 0.0 6.0 
18.0 16.0 23.0 13.0 0.0 
0.0 22.0 18.0 22.0 2.0 
20.0 0.0 3.0 16.0 12.0 
13.0 5.0 0.0 2.0 18.0 
18.0 0.0 4.0 0.0 12.0 
8.0 17.0 15.0 6.0 0.0 
0.0 4.0 3.0 16.0 20.0 
6.0 0.0 10.0 13.0 23.0 
8.0 10.0 0.0 22.0 0.0 
7.0 20.0 6.0 0.0 24.0 
12.0 0.0 0.0 12.0 0.0 
0.0 1.0 22.0 8.0 18.0 
6.0 0.0 22.0 4.0 14.0 
4.0 9.0 0.0 14.0 19.0 
10.0 22.0 17.0 0.0 5.0 
12.0 1.0 15.0 6.0 0.0 
0.0 24.0 9.0 17.0 9.0 
8.0 0.0 4.0 13.0 21.0 
21.0 0.0 0.0 14.0 16.0 
19.0 22.0 0.0 0.0 24.0 
10.0 14.0 7.0 1.0 0.0 
