0.0 10.0 8.0 11.0 15.0 
8.0 0.0 3.0 18.0 8.0 
14.0 14.0 0.0 11.0 2.0 
4.0 4.0 7.0 0.0 23.0 
12.0 3.0 4.0 22.0 0.0 
0.0 3.0 0.0 21.0 19.0 
15.0 0.0 4.0 9.0 11.0 
14.0 18.0 0.0 1.0 3.0 
8.0 24.0 2.0 0.0 23.0 
3.0 2.0 1.0 3.0 0.0 
0.0 13.0 23.0 12.0 15.0 
12.0 0.0 20.0 2.0 0.0 
20.0 21.0 0.0 10.0 10.0 
10.0 14.0 0.0 0.0 0.0 
3.0 4.0 23.0 13.0 0.0 
0.0 8.0 3.0 16.0 17.0 
13.0 0.0 4.0 2.0 19.0 
0.0 22.0 0.0 24.0 19.0 
7.0 10.0 5.0 0.0 10.0 
13.0 4.0 3.0 5.0 0.0 
0.0 9.0 24.0 23.0 22.0 
19.0 0.0 10.0 0.0 22.0 
6.0 12.0 0.0 1.0 17.0 
7.0 0.0 22.0 0.0 9.0 
22.0 13.0 0.0 15.0 0.0 
0.0 11.0 5.0 19.0 20.0 
15.0 0.0 18.0 21.0 19.0 
3.0 0.0 0.0 4.0 16.0 
17.0 2.0 20.0 0.0 20.0 
17.0 8.0 23.0 11.0 0.0 
0.0 22.0 1.0 8.0 7.0 
7.0 0.0 19.0 2.0 1.0 
9.0 23.0 0.0 4.0 14.0 
12.0 10.0 10.0 0.0 19.0 
3.0 17.0 4.0 0.0 0.0 
0.0 21.0 1.0 11.0 8.0 
8.0 0.0 21.0 21.0 6.0 
19.0 16.0 0.0 16.0 16.0 
5.0 3.0 8.0 0.0 10.0 
22.0 14.0 15.0 4.0 0.0 
0.0 14.0 18.0 8.0 5.0 
5.0 0.0 18.0 23.0 6.0 
14.0 18.0 0.0 12.0 13.0 
15.0 15.0 7.0 0.0 20.0 
7.0 8.0 14.0 22.0 0.0 
0.0 20.0 24.0 20.0 12.0 
2.0 0.0 23.0 4.0 2.0 
0.0 2.0 0.0 11.0 24.0 
17.0 14.0 10.0 0.0 10.0 
23.0 0.0 19.0 0.0 0.0 
0.0 24.0 19.0 23.0 9.0 
0.0 0.0 10.0 22.0 22.0 
16.0 7.0 0.0 21.0 17.0 
2.0 24.0 0.0 0.0 1.0 
21.0 5.0 10.0 14.0 0.0 
0.0 22.0 11.0 22.0 13.0 
18.0 0.0 13.0 1.0 10.0 
18.0 0.0 0.0 13.0 18.0 
17.0 24.0 11.0 0.0 8.0 
4.0 20.0 7.0 16.0 0.0 
