0.0 4.0 21.0 6.0 10.0 
11.0 0.0 5.0 15.0 4.0 
10.0 1.0 0.0 14.0 21.0 
18.0 20.0 2.0 0.0 10.0 
20.0 20.0 19.0 15.0 0.0 
0.0 5.0 17.0 6.0 6.0 
0.0 0.0 19.0 7.0 16.0 
1.0 6.0 0.0 21.0 0.0 
20.0 11.0 6.0 0.0 7.0 
2.0 9.0 18.0 21.0 0.0 
0.0 2.0 6.0 10.0 11.0 
9.0 0.0 24.0 9.0 3.0 
17.0 15.0 0.0 12.0 23.0 
24.0 1.0 12.0 0.0 15.0 
15.0 7.0 1.0 21.0 0.0 
0.0 16.0 24.0 18.0 19.0 
7.0 0.0 1.0 3.0 6.0 
24.0 21.0 0.0 9.0 21.0 
12.0 9.0 24.0 0.0 18.0 
17.0 22.0 20.0 3.0 0.0 
0.0 12.0 10.0 16.0 2.0 
9.0 0.0 2.0 0.0 5.0 
14.0 22.0 0.0 24.0 12.0 
4.0 22.0 17.0 0.0 3.0 
2.0 14.0 20.0 5.0 0.0 
0.0 8.0 16.0 4.0 18.0 
8.0 0.0 14.0 19.0 24.0 
3.0 5.0 0.0 15.0 18.0 
17.0 2.0 13.0 0.0 5.0 
2.0 20.0 22.0 22.0 0.0 
0.0 24.0 20.0 18.0 20.0 
2.0 0.0 1.0 15.0 4.0 
9.0 11.0 0.0 13.0 13.0 
3.0 0.0 18.0 0.0 20.0 
4.0 2.0 11.0 14.0 0.0 
0.0 5.0 12.0 19.0 3.0 
16.0 0.0 17.0 2.0 9.0 
16.0 16.0 0.0 7.0 7.0 
16.0 2.0 10.0 0.0 19.0 
23.0 20.0 2.0 9.0 0.0 
0.0 2.0 16.0 22.0 14.0 
16.0 0.0 1.0 23.0 21.0 
16.0 24.0 0.0 15.0 5.0 
14.0 11.0 7.0 0.0 11.0 
4.0 24.0 24.0 17.0 0.0 
0.0 8.0 16.0 24.0 3.0 
20.0 0.0 6.0 1.0 7.0 
5.0 9.0 0.0 11.0 12.0 
4.0 9.0 14.0 0.0 5.0 
10.0 7.0 7.0 12.0 0.0 
0.0 15.0 22.0 21.0 24.0 
7.0 0.0 6.0 13.0 16.0 
4.0 21.0 0.0 13.0 7.0 
17.0 8.0 23.0 0.0 7.0 
2.0 20.0 18.0 20.0 0.0 
0.0 8.0 5.0 6.0 12.0 
5.0 0.0 7.0 4.0 16.0 
15.0 20.0 0.0 0.0 7.0 
1.0 12.0 20.0 0.0 6.0 
18.0 4.0 19.0 21.0 0.0 
