0.0 18.0 5.0 23.0 16.0 
0.0 0.0 1.0 7.0 3.0 
20.0 20.0 0.0 0.0 3.0 
3.0 16.0 2.0 0.0 6.0 
1.0 12.0 6.0 2.0 0.0 
0.0 14.0 5.0 7.0 8.0 
15.0 0.0 12.0 19.0 13.0 
9.0 7.0 0.0 11.0 18.0 
19.0 5.0 2.0 0.0 18.0 
22.0 23.0 14.0 8.0 0.0 
0.0 8.0 18.0 5.0 16.0 
18.0 0.0 13.0 3.0 2.0 
14.0 20.0 0.0 15.0 14.0 
3.0 6.0 4.0 0.0 0.0 
8.0 1.0 21.0 2.0 0.0 
0.0 16.0 20.0 24.0 17.0 
13.0 0.0 0.0 3.0 12.0 
10.0 3.0 0.0 6.0 0.0 
5.0 7.0 5.0 0.0 19.0 
14.0 19.0 22.0 5.0 0.0 
0.0 6.0 9.0 4.0 24.0 
6.0 0.0 11.0 5.0 22.0 
11.0 17.0 0.0 2.0 13.0 
22.0 13.0 3.0 0.0 18.0 
11.0 6.0 10.0 6.0 0.0 
0.0 14.0 12.0 0.0 17.0 
22.0 0.0 3.0 19.0 12.0 
16.0 22.0 0.0 24.0 12.0 
4.0 7.0 17.0 0.0 23.0 
9.0 3.0 24.0 2.0 0.0 
0.0 11.0 5.0 23.0 18.0 
23.0 0.0 19.0 11.0 15.0 
23.0 8.0 0.0 22.0 21.0 
16.0 5.0 24.0 0.0 6.0 
2.0 0.0 18.0 16.0 0.0 
0.0 3.0 6.0 16.0 11.0 
24.0 0.0 9.0 17.0 15.0 
12.0 14.0 0.0 3.0 14.0 
14.0 18.0 0.0 0.0 19.0 
13.0 8.0 22.0 23.0 0.0 
0.0 5.0 18.0 1.0 16.0 
6.0 0.0 10.0 12.0 10.0 
22.0 2.0 0.0 0.0 24.0 
4.0 9.0 2.0 0.0 7.0 
13.0 17.0 7.0 15.0 0.0 
0.0 8.0 11.0 17.0 13.0 
6.0 0.0 24.0 1.0 2.0 
2.0 5.0 0.0 24.0 16.0 
8.0 4.0 16.0 0.0 11.0 
20.0 18.0 23.0 19.0 0.0 
0.0 3.0 20.0 2.0 0.0 
9.0 0.0 18.0 0.0 6.0 
11.0 2.0 0.0 1.0 6.0 
14.0 20.0 8.0 0.0 17.0 
13.0 23.0 9.0 12.0 0.0 
0.0 5.0 6.0 6.0 21.0 
17.0 0.0 0.0 3.0 24.0 
16.0 19.0 0.0 11.0 19.0 
13.0 23.0 18.0 0.0 18.0 
7.0 2.0 19.0 10.0 0.0 
