0.0 17.0 3.0 5.0 2.0 
9.0 0.0 22.0 18.0 23.0 
17.0 9.0 0.0 13.0 11.0 
18.0 21.0 5.0 0.0 9.0 
11.0 19.0 4.0 6.0 0.0 
0.0 16.0 0.0 8.0 24.0 
8.0 0.0 14.0 12.0 21.0 
4.0 22.0 0.0 10.0 15.0 
13.0 17.0 24.0 0.0 8.0 
3.0 8.0 24.0 6.0 0.0 
0.0 11.0 2.0 3.0 1.0 
17.0 0.0 16.0 8.0 4.0 
14.0 9.0 0.0 13.0 16.0 
5.0 8.0 9.0 0.0 9.0 
23.0 4.0 5.0 3.0 0.0 
0.0 6.0 6.0 24.0 9.0 
14.0 0.0 12.0 24.0 16.0 
1.0 1.0 0.0 9.0 22.0 
11.0 10.0 0.0 0.0 18.0 
17.0 14.0 18.0 7.0 0.0 
0.0 0.0 22.0 15.0 13.0 
3.0 0.0 13.0 0.0 2.0 
1.0 21.0 0.0 18.0 11.0 
1.0 7.0 17.0 0.0 8.0 
12.0 21.0 7.0 24.0 0.0 
0.0 1.0 16.0 2.0 1.0 
8.0 0.0 1.0 13.0 18.0 
3.0 1.0 0.0 8.0 9.0 
11.0 13.0 11.0 0.0 12.0 
0.0 17.0 3.0 7.0 0.0 
0.0 11.0 15.0 17.0 11.0 
2.0 0.0 19.0 23.0 22.0 
15.0 5.0 0.0 2.0 12.0 
12.0 13.0 21.0 0.0 20.0 
13.0 2.0 15.0 13.0 0.0 
0.0 19.0 5.0 8.0 7.0 
18.0 0.0 12.0 9.0 8.0 
14.0 22.0 0.0 22.0 6.0 
21.0 11.0 8.0 0.0 1.0 
3.0 10.0 13.0 16.0 0.0 
0.0 0.0 1.0 1.0 7.0 
10.0 0.0 8.0 15.0 22.0 
1.0 16.0 0.0 3.0 10.0 
18.0 11.0 8.0 0.0 7.0 
21.0 5.0 14.0 19.0 0.0 
0.0 12.0 5.0 15.0 3.0 
20.0 0.0 21.0 17.0 10.0 
14.0 20.0 0.0 1.0 10.0 
10.0 22.0 12.0 0.0 14.0 
17.0 9.0 2.0 0.0 0.0 
0.0 22.0 2.0 11.0 5.0 
13.0 0.0 10.0 7.0 0.0 
19.0 15.0 0.0 2.0 23.0 
12.0 21.0 22.0 0.0 1.0 
21.0 10.0 21.0 19.0 0.0 
0.0 14.0 9.0 23.0 10.0 
21.0 0.0 15.0 3.0 23.0 
3.0 8.0 0.0 17.0 7.0 
2.0 0.0 17.0 0.0 22.0 
7.0 16.0 7.0 17.0 0.0 
