0.0 5.0 1.0 14.0 11.0 
17.0 0.0 19.0 13.0 2.0 
19.0 7.0 0.0 17.0 19.0 
19.0 24.0 20.0 0.0 9.0 
1.0 17.0 22.0 7.0 0.0 
0.0 2.0 10.0 3.0 21.0 
20.0 0.0 23.0 17.0 17.0 
13.0 11.0 0.0 17.0 20.0 
10.0 23.0 10.0 0.0 19.0 
21.0 10.0 23.0 6.0 0.0 
0.0 9.0 8.0 14.0 8.0 
6.0 0.0 18.0 13.0 23.0 
6.0 7.0 0.0 24.0 12.0 
12.0 22.0 2.0 0.0 21.0 
15.0 5.0 3.0 23.0 0.0 
0.0 16.0 9.0 14.0 21.0 
22.0 0.0 16.0 3.0 18.0 
19.0 12.0 0.0 14.0 23.0 
1.0 23.0 3.0 0.0 2.0 
20.0 9.0 18.0 21.0 0.0 
0.0 5.0 17.0 19.0 23.0 
4.0 0.0 0.0 6.0 5.0 
19.0 23.0 0.0 13.0 0.0 
1.0 2.0 1.0 0.0 1.0 
14.0 14.0 8.0 8.0 0.0 
0.0 23.0 11.0 2.0 17.0 
24.0 0.0 20.0 10.0 23.0 
10.0 12.0 0.0 17.0 21.0 
24.0 17.0 1.0 0.0 20.0 
16.0 5.0 14.0 14.0 0.0 
0.0 17.0 17.0 10.0 3.0 
4.0 0.0 4.0 1.0 0.0 
1.0 9.0 0.0 9.0 3.0 
5.0 10.0 19.0 0.0 10.0 
20.0 9.0 24.0 8.0 0.0 
0.0 15.0 20.0 18.0 19.0 
8.0 0.0 8.0 12.0 16.0 
0.0 11.0 0.0 5.0 6.0 
23.0 8.0 4.0 0.0 10.0 
16.0 0.0 19.0 19.0 0.0 
0.0 15.0 15.0 7.0 18.0 
15.0 0.0 22.0 2.0 8.0 
4.0 0.0 0.0 1.0 0.0 
12.0 20.0 9.0 0.0 2.0 
14.0 11.0 16.0 11.0 0.0 
0.0 17.0 19.0 20.0 11.0 
7.0 0.0 14.0 12.0 13.0 
18.0 13.0 0.0 16.0 11.0 
19.0 1.0 24.0 0.0 4.0 
17.0 6.0 11.0 16.0 0.0 
0.0 17.0 21.0 15.0 23.0 
17.0 0.0 24.0 5.0 24.0 
23.0 8.0 0.0 17.0 22.0 
7.0 10.0 0.0 0.0 13.0 
20.0 24.0 8.0 0.0 0.0 
0.0 21.0 0.0 0.0 21.0 
19.0 0.0 9.0 12.0 13.0 
8.0 24.0 0.0 4.0 18.0 
24.0 19.0 8.0 0.0 12.0 
13.0 10.0 21.0 20.0 0.0 
