0.0 23.0 23.0 23.0 16.0 
17.0 0.0 0.0 8.0 14.0 
8.0 7.0 0.0 4.0 19.0 
3.0 3.0 9.0 0.0 17.0 
18.0 22.0 5.0 9.0 0.0 
0.0 19.0 4.0 15.0 10.0 
10.0 0.0 5.0 4.0 10.0 
15.0 20.0 0.0 3.0 10.0 
17.0 23.0 15.0 0.0 6.0 
21.0 11.0 11.0 5.0 0.0 
0.0 9.0 13.0 0.0 21.0 
0.0 0.0 0.0 19.0 8.0 
13.0 2.0 0.0 4.0 5.0 
22.0 2.0 4.0 0.0 17.0 
0.0 24.0 6.0 4.0 0.0 
0.0 16.0 24.0 23.0 20.0 
3.0 0.0 9.0 15.0 6.0 
20.0 17.0 0.0 12.0 23.0 
14.0 19.0 8.0 0.0 12.0 
17.0 16.0 2.0 24.0 0.0 
0.0 15.0 3.0 13.0 22.0 
11.0 0.0 1.0 23.0 22.0 
14.0 12.0 0.0 7.0 14.0 
9.0 2.0 23.0 0.0 0.0 
14.0 3.0 0.0 6.0 0.0 
0.0 14.0 17.0 2.0 5.0 
6.0 0.0 21.0 19.0 16.0 
11.0 17.0 0.0 6.0 3.0 
6.0 11.0 3.0 0.0 16.0 
18.0 1.0 0.0 9.0 0.0 
0.0 21.0 11.0 22.0 20.0 
11.0 0.0 8.0 1.0 3.0 
19.0 15.0 0.0 0.0 18.0 
9.0 22.0 21.0 0.0 2.0 
24.0 18.0 21.0 19.0 0.0 
0.0 13.0 23.0 3.0 7.0 
10.0 0.0 4.0 24.0 13.0 
1.0 18.0 0.0 23.0 10.0 
10.0 3.0 0.0 0.0 5.0 
21.0 19.0 16.0 10.0 0.0 
0.0 14.0 0.0 10.0 14.0 
8.0 0.0 14.0 10.0 16.0 
16.0 11.0 0.0 3.0 11.0 
4.0 11.0 15.0 0.0 20.0 
19.0 6.0 24.0 1.0 0.0 
0.0 6.0 11.0 8.0 16.0 
5.0 0.0 16.0 4.0 6.0 
16.0 0.0 0.0 6.0 17.0 
10.0 22.0 1.0 0.0 16.0 
8.0 12.0 17.0 16.0 0.0 
0.0 24.0 17.0 4.0 17.0 
0.0 0.0 1.0 24.0 12.0 
22.0 13.0 0.0 5.0 0.0 
15.0 24.0 19.0 0.0 6.0 
13.0 9.0 7.0 3.0 0.0 
0.0 2.0 12.0 6.0 15.0 
17.0 0.0 18.0 13.0 9.0 
5.0 20.0 0.0 20.0 5.0 
13.0 9.0 7.0 0.0 21.0 
2.0 3.0 18.0 23.0 0.0 
