0.0 12.0 6.0 22.0 22.0 
13.0 0.0 14.0 3.0 5.0 
11.0 2.0 0.0 5.0 1.0 
18.0 7.0 10.0 0.0 11.0 
5.0 10.0 21.0 20.0 0.0 
0.0 8.0 11.0 7.0 15.0 
5.0 0.0 9.0 10.0 21.0 
17.0 5.0 0.0 23.0 3.0 
13.0 2.0 2.0 0.0 9.0 
16.0 1.0 1.0 21.0 0.0 
0.0 2.0 18.0 17.0 13.0 
0.0 0.0 6.0 15.0 18.0 
1.0 15.0 0.0 14.0 2.0 
7.0 5.0 14.0 0.0 19.0 
22.0 4.0 2.0 18.0 0.0 
0.0 10.0 19.0 16.0 13.0 
6.0 0.0 24.0 5.0 21.0 
20.0 3.0 0.0 17.0 11.0 
9.0 22.0 1.0 0.0 7.0 
14.0 14.0 5.0 2.0 0.0 
0.0 5.0 8.0 3.0 8.0 
9.0 0.0 23.0 15.0 0.0 
16.0 24.0 0.0 1.0 4.0 
16.0 24.0 13.0 0.0 5.0 
0.0 21.0 21.0 0.0 0.0 
0.0 19.0 4.0 11.0 14.0 
5.0 0.0 5.0 11.0 6.0 
10.0 10.0 0.0 10.0 2.0 
14.0 3.0 17.0 0.0 8.0 
13.0 19.0 9.0 13.0 0.0 
0.0 12.0 3.0 8.0 23.0 
15.0 0.0 18.0 24.0 16.0 
22.0 14.0 0.0 17.0 5.0 
21.0 19.0 2.0 0.0 13.0 
24.0 10.0 11.0 13.0 0.0 
0.0 23.0 4.0 10.0 17.0 
2.0 0.0 0.0 15.0 19.0 
23.0 19.0 0.0 20.0 7.0 
21.0 17.0 22.0 0.0 1.0 
19.0 18.0 19.0 9.0 0.0 
0.0 2.0 6.0 3.0 21.0 
5.0 0.0 11.0 4.0 13.0 
10.0 6.0 0.0 7.0 7.0 
24.0 16.0 3.0 0.0 0.0 
24.0 4.0 21.0 24.0 0.0 
0.0 1.0 16.0 24.0 4.0 
10.0 0.0 21.0 2.0 17.0 
1.0 21.0 0.0 11.0 1.0 
9.0 7.0 7.0 0.0 0.0 
23.0 9.0 21.0 5.0 0.0 
0.0 12.0 8.0 15.0 9.0 
24.0 0.0 21.0 8.0 17.0 
16.0 9.0 0.0 2.0 20.0 
8.0 18.0 14.0 0.0 3.0 
8.0 9.0 5.0 11.0 0.0 
0.0 12.0 7.0 24.0 23.0 
4.0 0.0 6.0 21.0 11.0 
16.0 9.0 0.0 14.0 15.0 
14.0 3.0 18.0 0.0 0.0 
14.0 21.0 19.0 0.0 0.0 
