0.0 10.0 13.0 17.0 1.0 
3.0 0.0 14.0 10.0 21.0 
3.0 15.0 0.0 19.0 6.0 
18.0 24.0 14.0 0.0 17.0 
15.0 18.0 3.0 3.0 0.0 
0.0 9.0 8.0 19.0 15.0 
19.0 0.0 16.0 19.0 3.0 
22.0 7.0 0.0 6.0 4.0 
0.0 2.0 13.0 0.0 6.0 
19.0 16.0 22.0 8.0 0.0 
0.0 16.0 8.0 5.0 22.0 
15.0 0.0 14.0 15.0 23.0 
3.0 22.0 0.0 14.0 16.0 
14.0 10.0 12.0 0.0 18.0 
23.0 9.0 2.0 22.0 0.0 
0.0 3.0 13.0 2.0 0.0 
4.0 0.0 14.0 20.0 18.0 
2.0 18.0 0.0 16.0 19.0 
0.0 20.0 13.0 0.0 3.0 
6.0 15.0 15.0 21.0 0.0 
0.0 12.0 17.0 13.0 7.0 
12.0 0.0 19.0 20.0 9.0 
22.0 10.0 0.0 24.0 17.0 
12.0 14.0 2.0 0.0 9.0 
12.0 16.0 12.0 17.0 0.0 
0.0 2.0 8.0 21.0 19.0 
2.0 0.0 5.0 14.0 7.0 
4.0 5.0 0.0 1.0 18.0 
10.0 0.0 1.0 0.0 17.0 
21.0 22.0 0.0 15.0 0.0 
0.0 21.0 3.0 23.0 24.0 
21.0 0.0 12.0 6.0 2.0 
17.0 11.0 0.0 6.0 18.0 
17.0 1.0 20.0 0.0 18.0 
2.0 14.0 23.0 0.0 0.0 
0.0 24.0 22.0 10.0 22.0 
4.0 0.0 23.0 20.0 9.0 
0.0 15.0 0.0 9.0 17.0 
1.0 15.0 14.0 0.0 7.0 
11.0 4.0 1.0 11.0 0.0 
0.0 21.0 22.0 6.0 7.0 
2.0 0.0 16.0 11.0 6.0 
19.0 7.0 0.0 19.0 8.0 
22.0 3.0 18.0 0.0 11.0 
13.0 18.0 20.0 18.0 0.0 
0.0 1.0 11.0 22.0 5.0 
12.0 0.0 15.0 4.0 7.0 
1.0 15.0 0.0 2.0 16.0 
3.0 5.0 5.0 0.0 10.0 
8.0 11.0 17.0 15.0 0.0 
0.0 24.0 17.0 9.0 1.0 
17.0 0.0 2.0 9.0 5.0 
10.0 3.0 0.0 11.0 22.0 
15.0 4.0 4.0 0.0 24.0 
1.0 10.0 19.0 5.0 0.0 
0.0 22.0 21.0 20.0 10.0 
0.0 0.0 20.0 9.0 12.0 
7.0 17.0 0.0 16.0 11.0 
9.0 14.0 8.0 0.0 12.0 
24.0 3.0 14.0 9.0 0.0 
