0.0 3.0 2.0 10.0 7.0 
8.0 0.0 21.0 4.0 0.0 
15.0 19.0 0.0 13.0 23.0 
8.0 3.0 14.0 0.0 3.0 
20.0 2.0 24.0 19.0 0.0 
0.0 15.0 14.0 2.0 3.0 
1.0 0.0 3.0 4.0 24.0 
7.0 7.0 0.0 7.0 24.0 
6.0 6.0 9.0 0.0 0.0 
10.0 20.0 16.0 4.0 0.0 
0.0 24.0 14.0 7.0 15.0 
13.0 0.0 16.0 24.0 11.0 
0.0 7.0 0.0 22.0 9.0 
1.0 4.0 14.0 0.0 0.0 
18.0 4.0 19.0 24.0 0.0 
0.0 17.0 17.0 15.0 15.0 
12.0 0.0 24.0 3.0 0.0 
4.0 14.0 0.0 17.0 4.0 
4.0 7.0 0.0 0.0 2.0 
17.0 9.0 21.0 11.0 0.0 
0.0 9.0 21.0 15.0 2.0 
12.0 0.0 8.0 9.0 21.0 
9.0 24.0 0.0 0.0 2.0 
16.0 0.0 13.0 0.0 14.0 
0.0 20.0 14.0 1.0 0.0 
0.0 14.0 0.0 21.0 14.0 
12.0 0.0 6.0 10.0 13.0 
20.0 1.0 0.0 4.0 0.0 
5.0 24.0 21.0 0.0 14.0 
13.0 2.0 23.0 24.0 0.0 
0.0 14.0 20.0 11.0 15.0 
14.0 0.0 22.0 17.0 17.0 
5.0 3.0 0.0 20.0 22.0 
14.0 19.0 5.0 0.0 4.0 
12.0 6.0 17.0 14.0 0.0 
0.0 21.0 18.0 2.0 13.0 
14.0 0.0 4.0 11.0 15.0 
18.0 6.0 0.0 5.0 19.0 
0.0 1.0 15.0 0.0 18.0 
21.0 19.0 4.0 18.0 0.0 
0.0 16.0 6.0 4.0 0.0 
6.0 0.0 8.0 21.0 15.0 
3.0 23.0 0.0 0.0 0.0 
22.0 14.0 21.0 0.0 5.0 
5.0 3.0 11.0 9.0 0.0 
0.0 21.0 6.0 16.0 8.0 
22.0 0.0 8.0 16.0 20.0 
15.0 11.0 0.0 1.0 7.0 
19.0 12.0 19.0 0.0 8.0 
0.0 15.0 2.0 7.0 0.0 
0.0 6.0 17.0 22.0 15.0 
4.0 0.0 13.0 2.0 4.0 
12.0 15.0 0.0 4.0 23.0 
16.0 5.0 9.0 0.0 13.0 
9.0 24.0 11.0 3.0 0.0 
0.0 7.0 5.0 14.0 23.0 
23.0 0.0 20.0 22.0 18.0 
20.0 1.0 0.0 6.0 6.0 
21.0 16.0 19.0 0.0 4.0 
2.0 9.0 14.0 18.0 0.0 
