0.0 8.0 1.0 24.0 1.0 
18.0 0.0 13.0 13.0 24.0 
20.0 16.0 0.0 6.0 6.0 
9.0 15.0 5.0 0.0 23.0 
8.0 9.0 19.0 5.0 0.0 
0.0 10.0 7.0 10.0 1.0 
11.0 0.0 5.0 19.0 15.0 
15.0 8.0 0.0 22.0 16.0 
11.0 4.0 20.0 0.0 11.0 
6.0 2.0 21.0 16.0 0.0 
0.0 23.0 12.0 24.0 21.0 
12.0 0.0 5.0 9.0 10.0 
14.0 2.0 0.0 14.0 3.0 
9.0 14.0 16.0 0.0 12.0 
8.0 16.0 20.0 1.0 0.0 
0.0 3.0 19.0 4.0 9.0 
17.0 0.0 0.0 18.0 21.0 
3.0 1.0 0.0 24.0 12.0 
23.0 0.0 17.0 0.0 12.0 
21.0 3.0 13.0 6.0 0.0 
0.0 0.0 3.0 0.0 18.0 
11.0 0.0 18.0 5.0 6.0 
2.0 19.0 0.0 12.0 22.0 
1.0 1.0 3.0 0.0 5.0 
12.0 5.0 7.0 9.0 0.0 
0.0 18.0 3.0 9.0 15.0 
22.0 0.0 1.0 5.0 12.0 
20.0 8.0 0.0 9.0 20.0 
16.0 1.0 24.0 0.0 5.0 
12.0 13.0 4.0 0.0 0.0 
0.0 13.0 2.0 3.0 4.0 
12.0 0.0 22.0 16.0 17.0 
0.0 22.0 0.0 0.0 23.0 
5.0 20.0 21.0 0.0 12.0 
22.0 9.0 21.0 20.0 0.0 
0.0 10.0 10.0 8.0 10.0 
6.0 0.0 15.0 8.0 22.0 
3.0 8.0 0.0 20.0 13.0 
6.0 17.0 15.0 0.0 21.0 
1.0 12.0 10.0 2.0 0.0 
0.0 13.0 24.0 5.0 22.0 
5.0 0.0 22.0 23.0 12.0 
22.0 8.0 0.0 1.0 16.0 
3.0 21.0 17.0 0.0 18.0 
1.0 5.0 7.0 19.0 0.0 
0.0 5.0 21.0 23.0 1.0 
0.0 0.0 22.0 16.0 15.0 
7.0 18.0 0.0 24.0 22.0 
11.0 6.0 0.0 0.0 11.0 
24.0 18.0 22.0 24.0 0.0 
0.0 3.0 23.0 14.0 9.0 
11.0 0.0 9.0 8.0 8.0 
22.0 22.0 0.0 18.0 24.0 
15.0 21.0 3.0 0.0 1.0 
2.0 21.0 9.0 7.0 0.0 
0.0 13.0 1.0 16.0 19.0 
13.0 0.0 21.0 6.0 7.0 
9.0 10.0 0.0 15.0 19.0 
14.0 5.0 4.0 0.0 3.0 
24.0 9.0 19.0 24.0 0.0 
