0.0 23.0 17.0 0.0 10.0 
2.0 0.0 13.0 10.0 20.0 
4.0 0.0 0.0 1.0 19.0 
15.0 8.0 9.0 0.0 24.0 
2.0 13.0 21.0 2.0 0.0 
0.0 20.0 17.0 2.0 24.0 
16.0 0.0 2.0 11.0 13.0 
2.0 12.0 0.0 3.0 20.0 
14.0 13.0 13.0 0.0 15.0 
2.0 23.0 17.0 22.0 0.0 
0.0 18.0 1.0 16.0 12.0 
11.0 0.0 16.0 14.0 6.0 
8.0 15.0 0.0 21.0 6.0 
3.0 24.0 7.0 0.0 14.0 
4.0 16.0 19.0 23.0 0.0 
0.0 21.0 10.0 10.0 12.0 
18.0 0.0 11.0 8.0 15.0 
8.0 10.0 0.0 18.0 16.0 
7.0 10.0 16.0 0.0 9.0 
16.0 15.0 11.0 13.0 0.0 
0.0 17.0 15.0 10.0 11.0 
9.0 0.0 0.0 15.0 1.0 
20.0 18.0 0.0 23.0 6.0 
20.0 16.0 3.0 0.0 11.0 
6.0 18.0 13.0 1.0 0.0 
0.0 4.0 12.0 23.0 22.0 
19.0 0.0 24.0 22.0 5.0 
10.0 17.0 0.0 22.0 18.0 
15.0 16.0 11.0 0.0 22.0 
5.0 23.0 19.0 7.0 0.0 
0.0 10.0 13.0 12.0 19.0 
4.0 0.0 12.0 4.0 19.0 
8.0 10.0 0.0 0.0 2.0 
15.0 12.0 10.0 0.0 5.0 
12.0 7.0 2.0 2.0 0.0 
0.0 9.0 8.0 5.0 8.0 
9.0 0.0 23.0 6.0 5.0 
16.0 20.0 0.0 6.0 11.0 
8.0 18.0 6.0 0.0 1.0 
6.0 20.0 19.0 1.0 0.0 
0.0 0.0 8.0 22.0 12.0 
20.0 0.0 11.0 20.0 17.0 
20.0 15.0 0.0 6.0 2.0 
24.0 18.0 16.0 0.0 14.0 
11.0 22.0 4.0 6.0 0.0 
0.0 9.0 14.0 2.0 5.0 
20.0 0.0 7.0 10.0 19.0 
14.0 17.0 0.0 3.0 7.0 
16.0 11.0 8.0 0.0 20.0 
21.0 5.0 6.0 15.0 0.0 
0.0 9.0 2.0 13.0 6.0 
10.0 0.0 1.0 17.0 5.0 
16.0 4.0 0.0 20.0 20.0 
13.0 18.0 1.0 0.0 16.0 
7.0 12.0 21.0 23.0 0.0 
0.0 16.0 2.0 19.0 14.0 
4.0 0.0 19.0 12.0 19.0 
20.0 10.0 0.0 15.0 6.0 
16.0 21.0 15.0 0.0 11.0 
3.0 4.0 24.0 24.0 0.0 
