0.0 20.0 3.0 15.0 2.0 
16.0 0.0 6.0 19.0 14.0 
12.0 4.0 0.0 18.0 17.0 
0.0 13.0 6.0 0.0 19.0 
1.0 9.0 7.0 17.0 0.0 
0.0 23.0 15.0 11.0 4.0 
1.0 0.0 2.0 10.0 8.0 
16.0 17.0 0.0 11.0 16.0 
17.0 9.0 19.0 0.0 22.0 
15.0 16.0 6.0 18.0 0.0 
0.0 19.0 11.0 8.0 9.0 
2.0 0.0 14.0 19.0 18.0 
16.0 20.0 0.0 11.0 21.0 
7.0 18.0 0.0 0.0 22.0 
10.0 16.0 11.0 16.0 0.0 
0.0 21.0 22.0 14.0 11.0 
2.0 0.0 5.0 11.0 8.0 
6.0 6.0 0.0 9.0 18.0 
21.0 7.0 19.0 0.0 5.0 
18.0 18.0 1.0 8.0 0.0 
0.0 22.0 13.0 4.0 22.0 
19.0 0.0 14.0 0.0 22.0 
16.0 22.0 0.0 9.0 2.0 
11.0 17.0 3.0 0.0 7.0 
3.0 3.0 4.0 21.0 0.0 
0.0 9.0 15.0 19.0 23.0 
18.0 0.0 23.0 14.0 11.0 
6.0 10.0 0.0 0.0 19.0 
7.0 17.0 13.0 0.0 15.0 
10.0 14.0 20.0 17.0 0.0 
0.0 11.0 6.0 9.0 22.0 
4.0 0.0 1.0 7.0 20.0 
18.0 14.0 0.0 16.0 18.0 
14.0 21.0 12.0 0.0 7.0 
18.0 21.0 16.0 1.0 0.0 
0.0 12.0 0.0 24.0 24.0 
7.0 0.0 6.0 10.0 13.0 
22.0 17.0 0.0 16.0 19.0 
2.0 14.0 0.0 0.0 18.0 
1.0 14.0 2.0 4.0 0.0 
0.0 21.0 17.0 20.0 4.0 
22.0 0.0 11.0 22.0 10.0 
21.0 19.0 0.0 5.0 16.0 
9.0 22.0 23.0 0.0 7.0 
12.0 21.0 9.0 17.0 0.0 
0.0 24.0 7.0 18.0 7.0 
17.0 0.0 23.0 12.0 11.0 
17.0 21.0 0.0 18.0 3.0 
15.0 7.0 19.0 0.0 14.0 
13.0 15.0 2.0 17.0 0.0 
0.0 21.0 21.0 12.0 15.0 
8.0 0.0 0.0 21.0 10.0 
7.0 16.0 0.0 2.0 14.0 
15.0 8.0 8.0 0.0 0.0 
13.0 14.0 2.0 11.0 0.0 
0.0 1.0 10.0 8.0 0.0 
3.0 0.0 13.0 19.0 13.0 
20.0 20.0 0.0 11.0 16.0 
10.0 14.0 6.0 0.0 2.0 
8.0 14.0 6.0 19.0 0.0 
