0.0 0.0 20.0 4.0 16.0 
12.0 0.0 22.0 19.0 18.0 
6.0 0.0 0.0 22.0 4.0 
20.0 9.0 20.0 0.0 5.0 
24.0 3.0 12.0 6.0 0.0 
0.0 9.0 16.0 22.0 7.0 
15.0 0.0 12.0 1.0 1.0 
19.0 10.0 0.0 22.0 9.0 
24.0 15.0 4.0 0.0 24.0 
19.0 17.0 21.0 8.0 0.0 
0.0 17.0 15.0 17.0 3.0 
24.0 0.0 24.0 23.0 0.0 
10.0 3.0 0.0 4.0 19.0 
8.0 11.0 1.0 0.0 23.0 
6.0 23.0 16.0 11.0 0.0 
0.0 3.0 18.0 17.0 6.0 
4.0 0.0 5.0 14.0 21.0 
9.0 14.0 0.0 3.0 4.0 
0.0 22.0 0.0 0.0 4.0 
23.0 16.0 17.0 14.0 0.0 
0.0 4.0 12.0 11.0 20.0 
14.0 0.0 9.0 15.0 18.0 
16.0 2.0 0.0 24.0 4.0 
20.0 0.0 14.0 0.0 15.0 
8.0 0.0 4.0 3.0 0.0 
0.0 15.0 10.0 0.0 23.0 
1.0 0.0 0.0 7.0 22.0 
23.0 9.0 0.0 1.0 11.0 
13.0 14.0 17.0 0.0 4.0 
4.0 16.0 22.0 5.0 0.0 
0.0 21.0 15.0 4.0 24.0 
6.0 0.0 22.0 15.0 11.0 
10.0 0.0 0.0 21.0 7.0 
0.0 14.0 1.0 0.0 18.0 
24.0 19.0 19.0 11.0 0.0 
0.0 5.0 17.0 7.0 17.0 
18.0 0.0 12.0 0.0 1.0 
8.0 9.0 0.0 19.0 1.0 
15.0 21.0 16.0 0.0 4.0 
24.0 22.0 19.0 1.0 0.0 
0.0 18.0 21.0 21.0 22.0 
4.0 0.0 7.0 19.0 14.0 
9.0 15.0 0.0 20.0 4.0 
10.0 2.0 0.0 0.0 16.0 
16.0 7.0 13.0 1.0 0.0 
0.0 19.0 7.0 3.0 3.0 
13.0 0.0 20.0 1.0 24.0 
7.0 1.0 0.0 0.0 5.0 
8.0 18.0 21.0 0.0 19.0 
4.0 1.0 11.0 6.0 0.0 
0.0 20.0 8.0 6.0 7.0 
4.0 0.0 13.0 13.0 17.0 
24.0 18.0 0.0 24.0 22.0 
5.0 11.0 5.0 0.0 6.0 
10.0 1.0 19.0 5.0 0.0 
0.0 13.0 13.0 2.0 18.0 
7.0 0.0 18.0 23.0 17.0 
16.0 9.0 0.0 17.0 21.0 
22.0 23.0 11.0 0.0 19.0 
9.0 16.0 17.0 7.0 0.0 
