0.0 9.0 21.0 24.0 2.0 
13.0 0.0 22.0 5.0 21.0 
4.0 13.0 0.0 21.0 5.0 
12.0 13.0 3.0 0.0 0.0 
7.0 17.0 0.0 3.0 0.0 
0.0 3.0 21.0 19.0 8.0 
1.0 0.0 5.0 10.0 13.0 
19.0 1.0 0.0 10.0 24.0 
16.0 2.0 18.0 0.0 18.0 
23.0 0.0 13.0 17.0 0.0 
0.0 8.0 16.0 0.0 13.0 
16.0 0.0 22.0 12.0 2.0 
6.0 13.0 0.0 11.0 10.0 
3.0 5.0 14.0 0.0 1.0 
14.0 22.0 19.0 11.0 0.0 
0.0 11.0 15.0 22.0 20.0 
7.0 0.0 23.0 2.0 10.0 
20.0 10.0 0.0 11.0 18.0 
13.0 6.0 17.0 0.0 11.0 
22.0 13.0 11.0 21.0 0.0 
0.0 0.0 11.0 16.0 8.0 
3.0 0.0 23.0 14.0 16.0 
23.0 5.0 0.0 17.0 4.0 
24.0 9.0 13.0 0.0 19.0 
21.0 3.0 20.0 5.0 0.0 
0.0 18.0 1.0 16.0 22.0 
10.0 0.0 5.0 10.0 19.0 
17.0 9.0 0.0 22.0 9.0 
23.0 6.0 15.0 0.0 19.0 
1.0 8.0 24.0 11.0 0.0 
0.0 12.0 2.0 4.0 23.0 
3.0 0.0 15.0 1.0 13.0 
4.0 12.0 0.0 8.0 3.0 
8.0 19.0 19.0 0.0 20.0 
18.0 22.0 16.0 18.0 0.0 
0.0 0.0 17.0 15.0 21.0 
10.0 0.0 7.0 17.0 20.0 
17.0 22.0 0.0 4.0 3.0 
1.0 24.0 19.0 0.0 16.0 
7.0 11.0 16.0 8.0 0.0 
0.0 10.0 0.0 18.0 6.0 
23.0 0.0 9.0 5.0 14.0 
11.0 17.0 0.0 18.0 3.0 
12.0 14.0 11.0 0.0 19.0 
7.0 15.0 7.0 4.0 0.0 
0.0 14.0 24.0 14.0 4.0 
6.0 0.0 10.0 15.0 22.0 
1.0 0.0 0.0 9.0 13.0 
22.0 2.0 23.0 0.0 7.0 
5.0 7.0 23.0 22.0 0.0 
0.0 16.0 0.0 13.0 0.0 
10.0 0.0 16.0 5.0 5.0 
22.0 1.0 0.0 6.0 9.0 
2.0 5.0 8.0 0.0 11.0 
16.0 5.0 0.0 17.0 0.0 
0.0 11.0 13.0 12.0 17.0 
21.0 0.0 3.0 13.0 18.0 
8.0 21.0 0.0 10.0 23.0 
23.0 13.0 11.0 0.0 8.0 
1.0 18.0 14.0 22.0 0.0 
