0.0 8.0 2.0 16.0 22.0 
16.0 0.0 8.0 0.0 19.0 
22.0 21.0 0.0 20.0 5.0 
14.0 13.0 17.0 0.0 7.0 
10.0 24.0 1.0 15.0 0.0 
0.0 14.0 22.0 15.0 8.0 
19.0 0.0 6.0 8.0 14.0 
1.0 19.0 0.0 13.0 16.0 
23.0 24.0 24.0 0.0 6.0 
21.0 4.0 10.0 18.0 0.0 
0.0 7.0 12.0 17.0 7.0 
7.0 0.0 18.0 16.0 1.0 
16.0 2.0 0.0 5.0 3.0 
11.0 7.0 1.0 0.0 9.0 
15.0 17.0 0.0 2.0 0.0 
0.0 6.0 18.0 13.0 16.0 
24.0 0.0 9.0 6.0 17.0 
16.0 10.0 0.0 10.0 0.0 
1.0 2.0 0.0 0.0 4.0 
24.0 6.0 3.0 24.0 0.0 
0.0 17.0 21.0 24.0 17.0 
7.0 0.0 0.0 14.0 6.0 
23.0 17.0 0.0 10.0 22.0 
23.0 18.0 19.0 0.0 20.0 
7.0 20.0 23.0 8.0 0.0 
0.0 3.0 1.0 11.0 1.0 
16.0 0.0 16.0 3.0 11.0 
13.0 7.0 0.0 0.0 24.0 
16.0 21.0 11.0 0.0 3.0 
20.0 12.0 22.0 6.0 0.0 
0.0 2.0 7.0 19.0 10.0 
1.0 0.0 6.0 16.0 19.0 
8.0 2.0 0.0 8.0 21.0 
8.0 17.0 3.0 0.0 10.0 
5.0 21.0 24.0 11.0 0.0 
0.0 24.0 10.0 5.0 10.0 
1.0 0.0 13.0 14.0 16.0 
16.0 1.0 0.0 9.0 9.0 
10.0 5.0 23.0 0.0 5.0 
4.0 20.0 0.0 0.0 0.0 
0.0 8.0 5.0 16.0 7.0 
4.0 0.0 19.0 14.0 24.0 
20.0 15.0 0.0 3.0 1.0 
9.0 16.0 16.0 0.0 1.0 
23.0 23.0 10.0 13.0 0.0 
0.0 9.0 3.0 13.0 6.0 
8.0 0.0 2.0 4.0 19.0 
22.0 20.0 0.0 16.0 5.0 
18.0 5.0 12.0 0.0 3.0 
8.0 18.0 7.0 10.0 0.0 
0.0 2.0 13.0 3.0 0.0 
14.0 0.0 8.0 22.0 20.0 
3.0 8.0 0.0 0.0 7.0 
2.0 17.0 10.0 0.0 22.0 
15.0 15.0 23.0 9.0 0.0 
0.0 20.0 17.0 5.0 19.0 
23.0 0.0 12.0 14.0 19.0 
2.0 2.0 0.0 4.0 10.0 
4.0 13.0 14.0 0.0 23.0 
15.0 8.0 1.0 0.0 0.0 
