0.0 1.0 4.0 16.0 11.0 
1.0 0.0 7.0 10.0 1.0 
10.0 15.0 0.0 20.0 8.0 
0.0 5.0 16.0 0.0 4.0 
15.0 15.0 22.0 1.0 0.0 
0.0 15.0 24.0 10.0 8.0 
17.0 0.0 9.0 22.0 16.0 
7.0 11.0 0.0 0.0 18.0 
15.0 23.0 23.0 0.0 16.0 
13.0 1.0 5.0 0.0 0.0 
0.0 16.0 9.0 23.0 9.0 
18.0 0.0 12.0 0.0 21.0 
24.0 20.0 0.0 16.0 2.0 
14.0 19.0 16.0 0.0 5.0 
17.0 14.0 12.0 3.0 0.0 
0.0 14.0 15.0 0.0 14.0 
11.0 0.0 21.0 16.0 8.0 
2.0 7.0 0.0 12.0 19.0 
9.0 16.0 4.0 0.0 13.0 
24.0 13.0 9.0 5.0 0.0 
0.0 8.0 22.0 17.0 0.0 
14.0 0.0 0.0 4.0 21.0 
12.0 10.0 0.0 10.0 7.0 
19.0 7.0 4.0 0.0 23.0 
13.0 13.0 10.0 24.0 0.0 
0.0 17.0 10.0 3.0 9.0 
3.0 0.0 12.0 12.0 17.0 
23.0 21.0 0.0 9.0 13.0 
21.0 7.0 4.0 0.0 11.0 
8.0 12.0 12.0 11.0 0.0 
0.0 4.0 20.0 10.0 0.0 
14.0 0.0 1.0 16.0 7.0 
3.0 9.0 0.0 16.0 18.0 
16.0 16.0 3.0 0.0 11.0 
3.0 7.0 11.0 18.0 0.0 
0.0 16.0 11.0 23.0 11.0 
4.0 0.0 18.0 8.0 13.0 
16.0 17.0 0.0 13.0 17.0 
9.0 6.0 6.0 0.0 6.0 
3.0 21.0 5.0 6.0 0.0 
0.0 18.0 10.0 1.0 17.0 
19.0 0.0 2.0 19.0 12.0 
20.0 4.0 0.0 19.0 22.0 
3.0 13.0 15.0 0.0 23.0 
1.0 15.0 3.0 20.0 0.0 
0.0 23.0 17.0 19.0 3.0 
5.0 0.0 12.0 24.0 8.0 
11.0 0.0 0.0 13.0 16.0 
22.0 7.0 7.0 0.0 0.0 
20.0 19.0 4.0 18.0 0.0 
0.0 16.0 4.0 12.0 12.0 
9.0 0.0 9.0 14.0 12.0 
18.0 8.0 0.0 10.0 23.0 
14.0 14.0 15.0 0.0 13.0 
21.0 3.0 15.0 18.0 0.0 
0.0 24.0 21.0 18.0 17.0 
15.0 0.0 0.0 17.0 10.0 
13.0 10.0 0.0 0.0 11.0 
0.0 9.0 0.0 0.0 23.0 
2.0 24.0 20.0 20.0 0.0 
