0.0 20.0 20.0 17.0 22.0 
5.0 0.0 24.0 9.0 7.0 
11.0 9.0 0.0 22.0 20.0 
21.0 22.0 13.0 0.0 6.0 
2.0 22.0 22.0 11.0 0.0 
0.0 18.0 5.0 20.0 23.0 
5.0 0.0 9.0 4.0 20.0 
24.0 12.0 0.0 8.0 24.0 
8.0 14.0 4.0 0.0 20.0 
15.0 23.0 14.0 13.0 0.0 
0.0 16.0 9.0 14.0 12.0 
19.0 0.0 7.0 9.0 9.0 
17.0 5.0 0.0 15.0 23.0 
24.0 1.0 3.0 0.0 2.0 
1.0 2.0 8.0 2.0 0.0 
0.0 0.0 0.0 6.0 8.0 
0.0 0.0 3.0 24.0 12.0 
5.0 17.0 0.0 7.0 2.0 
22.0 24.0 13.0 0.0 8.0 
9.0 15.0 12.0 3.0 0.0 
0.0 14.0 18.0 4.0 14.0 
14.0 0.0 14.0 24.0 10.0 
5.0 5.0 0.0 13.0 17.0 
22.0 14.0 23.0 0.0 4.0 
10.0 19.0 5.0 6.0 0.0 
0.0 12.0 17.0 9.0 9.0 
24.0 0.0 18.0 18.0 2.0 
23.0 1.0 0.0 0.0 5.0 
2.0 10.0 12.0 0.0 20.0 
9.0 3.0 24.0 9.0 0.0 
0.0 16.0 10.0 8.0 19.0 
21.0 0.0 18.0 15.0 3.0 
17.0 15.0 0.0 13.0 0.0 
2.0 14.0 6.0 0.0 5.0 
14.0 3.0 18.0 0.0 0.0 
0.0 8.0 3.0 10.0 7.0 
1.0 0.0 4.0 13.0 11.0 
2.0 20.0 0.0 2.0 20.0 
2.0 24.0 22.0 0.0 21.0 
10.0 16.0 10.0 7.0 0.0 
0.0 6.0 20.0 1.0 9.0 
22.0 0.0 10.0 1.0 16.0 
10.0 2.0 0.0 23.0 2.0 
19.0 4.0 4.0 0.0 15.0 
10.0 17.0 8.0 4.0 0.0 
0.0 3.0 9.0 14.0 2.0 
12.0 0.0 8.0 19.0 22.0 
24.0 3.0 0.0 10.0 13.0 
3.0 15.0 11.0 0.0 8.0 
23.0 14.0 16.0 13.0 0.0 
0.0 7.0 5.0 17.0 24.0 
17.0 0.0 8.0 21.0 2.0 
12.0 17.0 0.0 12.0 14.0 
20.0 3.0 13.0 0.0 3.0 
24.0 20.0 18.0 17.0 0.0 
0.0 18.0 5.0 2.0 0.0 
20.0 0.0 14.0 14.0 9.0 
3.0 10.0 0.0 16.0 2.0 
21.0 22.0 1.0 0.0 23.0 
24.0 1.0 10.0 4.0 0.0 
