0.0 13.0 13.0 21.0 5.0 
7.0 0.0 5.0 14.0 10.0 
24.0 11.0 0.0 2.0 23.0 
4.0 19.0 10.0 0.0 14.0 
10.0 23.0 11.0 18.0 0.0 
0.0 10.0 19.0 21.0 5.0 
1.0 0.0 13.0 16.0 7.0 
16.0 13.0 0.0 17.0 8.0 
4.0 7.0 6.0 0.0 10.0 
0.0 18.0 17.0 11.0 0.0 
0.0 3.0 4.0 11.0 10.0 
1.0 0.0 24.0 1.0 0.0 
7.0 14.0 0.0 6.0 24.0 
13.0 11.0 10.0 0.0 18.0 
23.0 14.0 24.0 16.0 0.0 
0.0 11.0 4.0 17.0 21.0 
9.0 0.0 13.0 10.0 5.0 
15.0 10.0 0.0 19.0 3.0 
1.0 17.0 9.0 0.0 17.0 
8.0 8.0 0.0 3.0 0.0 
0.0 6.0 6.0 15.0 1.0 
16.0 0.0 9.0 4.0 15.0 
13.0 17.0 0.0 12.0 1.0 
0.0 6.0 5.0 0.0 13.0 
14.0 20.0 9.0 9.0 0.0 
0.0 5.0 16.0 4.0 14.0 
24.0 0.0 8.0 6.0 2.0 
6.0 20.0 0.0 20.0 22.0 
12.0 7.0 16.0 0.0 21.0 
24.0 5.0 7.0 13.0 0.0 
0.0 20.0 24.0 14.0 19.0 
8.0 0.0 18.0 24.0 13.0 
3.0 0.0 0.0 4.0 2.0 
14.0 10.0 10.0 0.0 9.0 
12.0 6.0 14.0 5.0 0.0 
0.0 18.0 2.0 10.0 20.0 
18.0 0.0 11.0 17.0 16.0 
11.0 18.0 0.0 12.0 16.0 
12.0 9.0 5.0 0.0 13.0 
8.0 19.0 10.0 5.0 0.0 
0.0 6.0 22.0 5.0 12.0 
24.0 0.0 10.0 13.0 17.0 
15.0 24.0 0.0 4.0 2.0 
15.0 11.0 1.0 0.0 4.0 
24.0 1.0 5.0 11.0 0.0 
0.0 4.0 20.0 23.0 15.0 
3.0 0.0 1.0 16.0 4.0 
22.0 23.0 0.0 4.0 21.0 
6.0 15.0 14.0 0.0 8.0 
2.0 4.0 2.0 3.0 0.0 
0.0 6.0 4.0 9.0 2.0 
10.0 0.0 10.0 13.0 3.0 
12.0 22.0 0.0 3.0 10.0 
7.0 0.0 21.0 0.0 24.0 
15.0 18.0 5.0 13.0 0.0 
0.0 16.0 16.0 4.0 8.0 
6.0 0.0 20.0 2.0 7.0 
18.0 22.0 0.0 19.0 16.0 
10.0 13.0 5.0 0.0 19.0 
3.0 18.0 24.0 17.0 0.0 
