0.0 1.0 13.0 17.0 13.0 
14.0 0.0 0.0 7.0 15.0 
9.0 8.0 0.0 6.0 13.0 
3.0 23.0 23.0 0.0 15.0 
6.0 3.0 15.0 3.0 0.0 
0.0 3.0 2.0 21.0 19.0 
8.0 0.0 5.0 6.0 24.0 
12.0 9.0 0.0 10.0 7.0 
15.0 16.0 2.0 0.0 8.0 
22.0 1.0 11.0 1.0 0.0 
0.0 0.0 8.0 5.0 17.0 
6.0 0.0 17.0 13.0 14.0 
24.0 9.0 0.0 9.0 2.0 
20.0 9.0 15.0 0.0 13.0 
5.0 24.0 0.0 22.0 0.0 
0.0 20.0 0.0 11.0 1.0 
23.0 0.0 19.0 18.0 3.0 
8.0 13.0 0.0 24.0 0.0 
20.0 16.0 12.0 0.0 4.0 
3.0 0.0 6.0 18.0 0.0 
0.0 2.0 3.0 22.0 8.0 
13.0 0.0 12.0 22.0 19.0 
7.0 11.0 0.0 6.0 8.0 
1.0 11.0 18.0 0.0 20.0 
1.0 21.0 12.0 9.0 0.0 
0.0 0.0 20.0 16.0 21.0 
11.0 0.0 16.0 11.0 4.0 
1.0 16.0 0.0 24.0 2.0 
20.0 16.0 0.0 0.0 0.0 
15.0 3.0 12.0 12.0 0.0 
0.0 1.0 24.0 23.0 17.0 
8.0 0.0 15.0 15.0 11.0 
15.0 5.0 0.0 17.0 0.0 
2.0 16.0 11.0 0.0 22.0 
0.0 21.0 5.0 16.0 0.0 
0.0 4.0 16.0 20.0 11.0 
19.0 0.0 10.0 4.0 0.0 
17.0 6.0 0.0 6.0 17.0 
18.0 7.0 11.0 0.0 18.0 
16.0 10.0 8.0 1.0 0.0 
0.0 22.0 23.0 9.0 7.0 
3.0 0.0 18.0 13.0 24.0 
1.0 23.0 0.0 23.0 8.0 
9.0 1.0 20.0 0.0 10.0 
10.0 6.0 3.0 15.0 0.0 
0.0 16.0 23.0 23.0 0.0 
5.0 0.0 24.0 18.0 14.0 
14.0 13.0 0.0 21.0 10.0 
23.0 14.0 3.0 0.0 20.0 
20.0 23.0 11.0 15.0 0.0 
0.0 24.0 24.0 9.0 19.0 
9.0 0.0 0.0 4.0 16.0 
18.0 17.0 0.0 24.0 17.0 
17.0 2.0 3.0 0.0 22.0 
1.0 11.0 20.0 13.0 0.0 
0.0 8.0 18.0 17.0 2.0 
23.0 0.0 6.0 3.0 6.0 
0.0 3.0 0.0 22.0 5.0 
11.0 23.0 18.0 0.0 8.0 
7.0 16.0 10.0 14.0 0.0 
