0.0 24.0 0.0 22.0 7.0 
16.0 0.0 16.0 24.0 7.0 
14.0 0.0 0.0 16.0 7.0 
1.0 15.0 10.0 0.0 9.0 
1.0 15.0 19.0 2.0 0.0 
0.0 20.0 3.0 0.0 19.0 
18.0 0.0 7.0 13.0 22.0 
23.0 11.0 0.0 9.0 16.0 
17.0 13.0 23.0 0.0 21.0 
10.0 20.0 13.0 11.0 0.0 
0.0 1.0 10.0 10.0 7.0 
9.0 0.0 3.0 9.0 10.0 
18.0 11.0 0.0 9.0 2.0 
18.0 9.0 21.0 0.0 13.0 
5.0 4.0 23.0 1.0 0.0 
0.0 5.0 20.0 15.0 21.0 
17.0 0.0 0.0 22.0 5.0 
4.0 17.0 0.0 5.0 0.0 
3.0 19.0 14.0 0.0 23.0 
21.0 17.0 3.0 12.0 0.0 
0.0 8.0 23.0 12.0 19.0 
11.0 0.0 0.0 20.0 0.0 
14.0 9.0 0.0 0.0 13.0 
23.0 15.0 19.0 0.0 15.0 
3.0 10.0 13.0 23.0 0.0 
0.0 23.0 22.0 10.0 19.0 
8.0 0.0 0.0 1.0 3.0 
15.0 18.0 0.0 14.0 12.0 
17.0 5.0 5.0 0.0 13.0 
12.0 7.0 6.0 9.0 0.0 
0.0 18.0 5.0 8.0 12.0 
1.0 0.0 1.0 23.0 1.0 
15.0 23.0 0.0 19.0 9.0 
24.0 19.0 9.0 0.0 7.0 
11.0 17.0 2.0 6.0 0.0 
0.0 15.0 7.0 13.0 14.0 
12.0 0.0 16.0 22.0 5.0 
0.0 1.0 0.0 11.0 21.0 
20.0 17.0 9.0 0.0 3.0 
24.0 14.0 18.0 12.0 0.0 
0.0 5.0 18.0 15.0 18.0 
11.0 0.0 18.0 15.0 2.0 
13.0 13.0 0.0 23.0 13.0 
10.0 0.0 23.0 0.0 3.0 
24.0 19.0 18.0 22.0 0.0 
0.0 12.0 24.0 7.0 22.0 
9.0 0.0 18.0 8.0 0.0 
16.0 7.0 0.0 6.0 12.0 
8.0 10.0 5.0 0.0 18.0 
19.0 2.0 22.0 14.0 0.0 
0.0 6.0 16.0 0.0 13.0 
19.0 0.0 14.0 21.0 9.0 
18.0 2.0 0.0 14.0 7.0 
12.0 13.0 6.0 0.0 24.0 
3.0 21.0 12.0 21.0 0.0 
0.0 6.0 18.0 1.0 4.0 
24.0 0.0 0.0 3.0 22.0 
8.0 1.0 0.0 7.0 16.0 
12.0 4.0 14.0 0.0 15.0 
9.0 22.0 23.0 10.0 0.0 
