0.0 19.0 14.0 18.0 19.0 
0.0 0.0 4.0 18.0 1.0 
4.0 15.0 0.0 3.0 1.0 
13.0 3.0 22.0 0.0 19.0 
18.0 6.0 24.0 1.0 0.0 
0.0 16.0 9.0 14.0 18.0 
23.0 0.0 8.0 17.0 0.0 
5.0 17.0 0.0 10.0 13.0 
22.0 10.0 12.0 0.0 0.0 
12.0 11.0 2.0 3.0 0.0 
0.0 20.0 18.0 14.0 9.0 
9.0 0.0 5.0 8.0 12.0 
19.0 4.0 0.0 9.0 10.0 
12.0 14.0 12.0 0.0 17.0 
0.0 8.0 3.0 19.0 0.0 
0.0 21.0 8.0 2.0 10.0 
11.0 0.0 12.0 9.0 16.0 
15.0 12.0 0.0 17.0 7.0 
13.0 2.0 1.0 0.0 0.0 
15.0 4.0 3.0 21.0 0.0 
0.0 13.0 18.0 16.0 23.0 
20.0 0.0 5.0 2.0 23.0 
18.0 10.0 0.0 9.0 3.0 
8.0 0.0 21.0 0.0 14.0 
10.0 13.0 22.0 13.0 0.0 
0.0 17.0 23.0 12.0 1.0 
7.0 0.0 15.0 20.0 1.0 
10.0 5.0 0.0 17.0 0.0 
13.0 16.0 18.0 0.0 11.0 
8.0 13.0 4.0 9.0 0.0 
0.0 7.0 15.0 3.0 6.0 
9.0 0.0 19.0 8.0 16.0 
19.0 23.0 0.0 1.0 22.0 
4.0 24.0 9.0 0.0 20.0 
8.0 24.0 13.0 16.0 0.0 
0.0 14.0 6.0 5.0 1.0 
4.0 0.0 2.0 15.0 9.0 
24.0 5.0 0.0 16.0 3.0 
15.0 9.0 7.0 0.0 14.0 
8.0 16.0 24.0 16.0 0.0 
0.0 3.0 10.0 20.0 5.0 
6.0 0.0 3.0 8.0 5.0 
4.0 15.0 0.0 19.0 21.0 
4.0 4.0 9.0 0.0 8.0 
16.0 7.0 24.0 5.0 0.0 
0.0 12.0 13.0 4.0 14.0 
7.0 0.0 14.0 10.0 3.0 
14.0 21.0 0.0 13.0 23.0 
8.0 23.0 6.0 0.0 11.0 
10.0 13.0 5.0 4.0 0.0 
0.0 4.0 15.0 17.0 16.0 
7.0 0.0 8.0 17.0 2.0 
7.0 16.0 0.0 3.0 6.0 
4.0 18.0 12.0 0.0 0.0 
0.0 17.0 11.0 8.0 0.0 
0.0 23.0 18.0 7.0 18.0 
16.0 0.0 17.0 10.0 19.0 
5.0 18.0 0.0 4.0 1.0 
17.0 2.0 21.0 0.0 19.0 
12.0 0.0 23.0 13.0 0.0 
