0.0 13.0 5.0 17.0 20.0 
2.0 0.0 5.0 13.0 2.0 
11.0 19.0 0.0 16.0 1.0 
12.0 15.0 1.0 0.0 18.0 
11.0 18.0 19.0 0.0 0.0 
0.0 13.0 4.0 22.0 20.0 
11.0 0.0 11.0 11.0 12.0 
15.0 0.0 0.0 13.0 18.0 
2.0 14.0 13.0 0.0 19.0 
4.0 12.0 1.0 1.0 0.0 
0.0 23.0 11.0 18.0 22.0 
1.0 0.0 14.0 12.0 10.0 
16.0 18.0 0.0 9.0 18.0 
10.0 8.0 12.0 0.0 23.0 
16.0 18.0 2.0 24.0 0.0 
0.0 10.0 16.0 19.0 24.0 
15.0 0.0 1.0 9.0 9.0 
6.0 12.0 0.0 20.0 0.0 
1.0 2.0 13.0 0.0 10.0 
1.0 19.0 14.0 12.0 0.0 
0.0 19.0 15.0 4.0 18.0 
10.0 0.0 15.0 1.0 4.0 
2.0 23.0 0.0 7.0 19.0 
19.0 21.0 17.0 0.0 23.0 
11.0 10.0 5.0 1.0 0.0 
0.0 8.0 14.0 15.0 14.0 
21.0 0.0 23.0 12.0 13.0 
18.0 24.0 0.0 11.0 17.0 
20.0 11.0 17.0 0.0 15.0 
0.0 18.0 20.0 24.0 0.0 
0.0 4.0 16.0 21.0 23.0 
18.0 0.0 9.0 17.0 10.0 
0.0 18.0 0.0 11.0 16.0 
5.0 1.0 23.0 0.0 5.0 
16.0 0.0 14.0 20.0 0.0 
0.0 15.0 21.0 4.0 14.0 
13.0 0.0 11.0 14.0 7.0 
19.0 7.0 0.0 8.0 1.0 
16.0 6.0 7.0 0.0 12.0 
20.0 16.0 10.0 14.0 0.0 
0.0 23.0 15.0 20.0 17.0 
4.0 0.0 1.0 12.0 4.0 
6.0 21.0 0.0 8.0 6.0 
21.0 21.0 1.0 0.0 24.0 
8.0 11.0 21.0 9.0 0.0 
0.0 3.0 1.0 18.0 18.0 
6.0 0.0 12.0 9.0 9.0 
16.0 5.0 0.0 3.0 17.0 
19.0 21.0 7.0 0.0 3.0 
21.0 22.0 15.0 15.0 0.0 
0.0 19.0 19.0 20.0 17.0 
1.0 0.0 10.0 0.0 16.0 
20.0 20.0 0.0 17.0 9.0 
4.0 1.0 15.0 0.0 2.0 
23.0 1.0 23.0 4.0 0.0 
0.0 14.0 23.0 21.0 2.0 
3.0 0.0 6.0 13.0 21.0 
19.0 21.0 0.0 0.0 19.0 
5.0 20.0 20.0 0.0 13.0 
18.0 5.0 15.0 4.0 0.0 
