0.0 24.0 17.0 6.0 8.0 
2.0 0.0 15.0 3.0 10.0 
12.0 9.0 0.0 6.0 14.0 
14.0 20.0 17.0 0.0 5.0 
20.0 23.0 1.0 7.0 0.0 
0.0 2.0 21.0 1.0 19.0 
22.0 0.0 2.0 22.0 4.0 
18.0 1.0 0.0 7.0 23.0 
14.0 22.0 4.0 0.0 9.0 
9.0 23.0 15.0 13.0 0.0 
0.0 2.0 24.0 8.0 16.0 
16.0 0.0 19.0 12.0 20.0 
20.0 1.0 0.0 5.0 23.0 
20.0 0.0 1.0 0.0 7.0 
15.0 16.0 22.0 14.0 0.0 
0.0 7.0 5.0 14.0 19.0 
4.0 0.0 18.0 12.0 22.0 
16.0 12.0 0.0 21.0 18.0 
19.0 16.0 4.0 0.0 7.0 
16.0 15.0 20.0 22.0 0.0 
0.0 15.0 4.0 16.0 19.0 
0.0 0.0 12.0 3.0 2.0 
0.0 12.0 0.0 17.0 8.0 
15.0 24.0 24.0 0.0 17.0 
18.0 24.0 12.0 18.0 0.0 
0.0 3.0 16.0 9.0 21.0 
9.0 0.0 0.0 8.0 8.0 
0.0 15.0 0.0 8.0 7.0 
22.0 10.0 15.0 0.0 10.0 
17.0 5.0 17.0 11.0 0.0 
0.0 5.0 22.0 1.0 20.0 
5.0 0.0 7.0 0.0 11.0 
7.0 24.0 0.0 17.0 14.0 
16.0 23.0 20.0 0.0 7.0 
6.0 3.0 11.0 21.0 0.0 
0.0 12.0 11.0 22.0 10.0 
2.0 0.0 24.0 6.0 14.0 
6.0 16.0 0.0 3.0 17.0 
13.0 12.0 18.0 0.0 10.0 
10.0 5.0 22.0 2.0 0.0 
0.0 16.0 24.0 17.0 10.0 
18.0 0.0 10.0 23.0 21.0 
8.0 15.0 0.0 21.0 13.0 
19.0 19.0 14.0 0.0 13.0 
12.0 13.0 17.0 7.0 0.0 
0.0 9.0 2.0 19.0 5.0 
6.0 0.0 18.0 5.0 1.0 
10.0 11.0 0.0 1.0 5.0 
8.0 2.0 2.0 0.0 5.0 
23.0 23.0 24.0 12.0 0.0 
0.0 22.0 9.0 11.0 10.0 
21.0 0.0 16.0 17.0 7.0 
22.0 14.0 0.0 10.0 11.0 
14.0 16.0 23.0 0.0 12.0 
2.0 18.0 8.0 10.0 0.0 
0.0 14.0 14.0 16.0 10.0 
9.0 0.0 14.0 6.0 23.0 
14.0 13.0 0.0 15.0 21.0 
12.0 22.0 14.0 0.0 13.0 
0.0 15.0 5.0 1.0 0.0 
