0.0 20.0 7.0 2.0 18.0 
18.0 0.0 7.0 19.0 8.0 
12.0 6.0 0.0 23.0 6.0 
0.0 18.0 24.0 0.0 3.0 
19.0 9.0 22.0 8.0 0.0 
0.0 10.0 18.0 0.0 20.0 
13.0 0.0 1.0 14.0 11.0 
13.0 24.0 0.0 12.0 12.0 
15.0 15.0 9.0 0.0 20.0 
3.0 11.0 7.0 12.0 0.0 
0.0 24.0 7.0 2.0 3.0 
16.0 0.0 22.0 11.0 12.0 
22.0 8.0 0.0 2.0 21.0 
5.0 4.0 15.0 0.0 19.0 
15.0 2.0 3.0 0.0 0.0 
0.0 4.0 8.0 14.0 2.0 
6.0 0.0 3.0 9.0 10.0 
13.0 9.0 0.0 2.0 10.0 
2.0 17.0 10.0 0.0 1.0 
14.0 18.0 5.0 2.0 0.0 
0.0 24.0 17.0 21.0 12.0 
17.0 0.0 18.0 12.0 7.0 
10.0 10.0 0.0 24.0 17.0 
21.0 8.0 22.0 0.0 4.0 
11.0 8.0 19.0 10.0 0.0 
0.0 18.0 12.0 11.0 16.0 
20.0 0.0 5.0 14.0 21.0 
22.0 9.0 0.0 16.0 22.0 
3.0 1.0 18.0 0.0 7.0 
16.0 8.0 17.0 7.0 0.0 
0.0 6.0 21.0 7.0 21.0 
8.0 0.0 15.0 8.0 23.0 
18.0 19.0 0.0 4.0 8.0 
23.0 5.0 19.0 0.0 11.0 
6.0 11.0 2.0 16.0 0.0 
0.0 22.0 19.0 19.0 0.0 
9.0 0.0 20.0 14.0 19.0 
11.0 23.0 0.0 7.0 10.0 
8.0 0.0 19.0 0.0 11.0 
15.0 5.0 10.0 0.0 0.0 
0.0 12.0 16.0 15.0 15.0 
10.0 0.0 13.0 20.0 6.0 
10.0 7.0 0.0 19.0 6.0 
15.0 21.0 17.0 0.0 8.0 
1.0 3.0 3.0 13.0 0.0 
0.0 23.0 10.0 12.0 3.0 
18.0 0.0 23.0 4.0 9.0 
15.0 23.0 0.0 19.0 20.0 
10.0 24.0 11.0 0.0 12.0 
1.0 20.0 19.0 21.0 0.0 
0.0 17.0 11.0 7.0 20.0 
1.0 0.0 5.0 0.0 19.0 
4.0 6.0 0.0 1.0 12.0 
15.0 3.0 18.0 0.0 5.0 
22.0 3.0 22.0 13.0 0.0 
0.0 15.0 9.0 9.0 13.0 
3.0 0.0 4.0 24.0 14.0 
13.0 4.0 0.0 17.0 7.0 
24.0 13.0 22.0 0.0 19.0 
8.0 1.0 12.0 7.0 0.0 
