0.0 0.0 24.0 2.0 9.0 
15.0 0.0 15.0 12.0 12.0 
21.0 24.0 0.0 16.0 4.0 
11.0 7.0 16.0 0.0 16.0 
3.0 17.0 5.0 24.0 0.0 
0.0 6.0 15.0 16.0 11.0 
6.0 0.0 12.0 24.0 20.0 
6.0 0.0 0.0 10.0 20.0 
17.0 10.0 19.0 0.0 15.0 
5.0 22.0 22.0 24.0 0.0 
0.0 11.0 16.0 14.0 21.0 
9.0 0.0 15.0 23.0 11.0 
8.0 8.0 0.0 10.0 21.0 
17.0 3.0 11.0 0.0 9.0 
9.0 5.0 10.0 0.0 0.0 
0.0 13.0 8.0 15.0 4.0 
19.0 0.0 0.0 19.0 14.0 
6.0 11.0 0.0 1.0 18.0 
12.0 7.0 24.0 0.0 8.0 
8.0 14.0 24.0 22.0 0.0 
0.0 12.0 20.0 1.0 10.0 
8.0 0.0 12.0 15.0 4.0 
24.0 12.0 0.0 17.0 18.0 
5.0 5.0 12.0 0.0 7.0 
0.0 4.0 20.0 20.0 0.0 
0.0 11.0 3.0 15.0 22.0 
22.0 0.0 4.0 13.0 24.0 
16.0 9.0 0.0 6.0 2.0 
22.0 20.0 24.0 0.0 0.0 
7.0 16.0 19.0 18.0 0.0 
0.0 1.0 10.0 6.0 13.0 
19.0 0.0 8.0 18.0 15.0 
14.0 18.0 0.0 8.0 13.0 
11.0 3.0 16.0 0.0 13.0 
9.0 3.0 4.0 19.0 0.0 
0.0 1.0 4.0 13.0 15.0 
23.0 0.0 0.0 12.0 23.0 
11.0 3.0 0.0 23.0 12.0 
5.0 22.0 17.0 0.0 9.0 
12.0 2.0 2.0 12.0 0.0 
0.0 2.0 13.0 11.0 23.0 
11.0 0.0 19.0 4.0 22.0 
17.0 10.0 0.0 12.0 18.0 
14.0 0.0 17.0 0.0 14.0 
8.0 11.0 23.0 5.0 0.0 
0.0 22.0 1.0 11.0 17.0 
4.0 0.0 10.0 6.0 23.0 
16.0 18.0 0.0 11.0 10.0 
15.0 18.0 22.0 0.0 11.0 
7.0 23.0 18.0 1.0 0.0 
0.0 21.0 4.0 18.0 14.0 
22.0 0.0 2.0 2.0 13.0 
1.0 7.0 0.0 2.0 0.0 
22.0 20.0 13.0 0.0 23.0 
10.0 3.0 5.0 24.0 0.0 
0.0 4.0 19.0 8.0 21.0 
16.0 0.0 8.0 3.0 20.0 
3.0 9.0 0.0 10.0 5.0 
18.0 18.0 23.0 0.0 6.0 
18.0 9.0 5.0 20.0 0.0 
