0.0 10.0 11.0 6.0 22.0 
6.0 0.0 23.0 1.0 15.0 
4.0 12.0 0.0 9.0 2.0 
15.0 16.0 22.0 0.0 13.0 
2.0 22.0 24.0 4.0 0.0 
0.0 15.0 21.0 15.0 5.0 
13.0 0.0 11.0 9.0 15.0 
14.0 15.0 0.0 9.0 1.0 
24.0 21.0 24.0 0.0 22.0 
21.0 11.0 3.0 5.0 0.0 
0.0 22.0 18.0 13.0 24.0 
16.0 0.0 18.0 23.0 16.0 
8.0 16.0 0.0 15.0 5.0 
3.0 17.0 21.0 0.0 13.0 
1.0 10.0 19.0 16.0 0.0 
0.0 11.0 18.0 11.0 5.0 
17.0 0.0 10.0 13.0 8.0 
2.0 21.0 0.0 12.0 1.0 
7.0 0.0 22.0 0.0 5.0 
1.0 13.0 10.0 18.0 0.0 
0.0 24.0 5.0 23.0 8.0 
21.0 0.0 24.0 12.0 12.0 
5.0 6.0 0.0 15.0 19.0 
4.0 2.0 24.0 0.0 18.0 
18.0 22.0 18.0 8.0 0.0 
0.0 21.0 11.0 23.0 0.0 
15.0 0.0 18.0 8.0 15.0 
3.0 11.0 0.0 24.0 2.0 
15.0 13.0 3.0 0.0 5.0 
20.0 23.0 19.0 1.0 0.0 
0.0 14.0 19.0 4.0 16.0 
7.0 0.0 11.0 6.0 4.0 
2.0 3.0 0.0 13.0 8.0 
4.0 5.0 22.0 0.0 3.0 
2.0 15.0 8.0 20.0 0.0 
0.0 11.0 6.0 11.0 23.0 
21.0 0.0 17.0 13.0 4.0 
11.0 2.0 0.0 17.0 0.0 
10.0 18.0 2.0 0.0 5.0 
4.0 24.0 18.0 11.0 0.0 
0.0 13.0 6.0 15.0 23.0 
16.0 0.0 5.0 1.0 17.0 
10.0 0.0 0.0 24.0 21.0 
6.0 0.0 24.0 0.0 13.0 
22.0 17.0 14.0 13.0 0.0 
0.0 5.0 4.0 14.0 20.0 
18.0 0.0 16.0 10.0 18.0 
17.0 3.0 0.0 23.0 17.0 
23.0 15.0 22.0 0.0 5.0 
8.0 3.0 23.0 17.0 0.0 
0.0 14.0 4.0 19.0 13.0 
22.0 0.0 16.0 15.0 24.0 
1.0 3.0 0.0 4.0 19.0 
6.0 20.0 19.0 0.0 16.0 
19.0 4.0 10.0 1.0 0.0 
0.0 11.0 9.0 3.0 14.0 
2.0 0.0 8.0 18.0 16.0 
7.0 5.0 0.0 9.0 10.0 
4.0 16.0 18.0 0.0 18.0 
5.0 7.0 20.0 23.0 0.0 
