0.0 11.0 23.0 17.0 14.0 
7.0 0.0 19.0 10.0 9.0 
13.0 24.0 0.0 2.0 22.0 
17.0 18.0 4.0 0.0 14.0 
19.0 20.0 20.0 2.0 0.0 
0.0 24.0 6.0 17.0 20.0 
15.0 0.0 10.0 9.0 3.0 
3.0 13.0 0.0 11.0 6.0 
10.0 23.0 6.0 0.0 0.0 
13.0 19.0 2.0 9.0 0.0 
0.0 5.0 6.0 1.0 24.0 
8.0 0.0 13.0 3.0 12.0 
24.0 0.0 0.0 24.0 21.0 
22.0 6.0 16.0 0.0 20.0 
8.0 2.0 1.0 10.0 0.0 
0.0 22.0 21.0 12.0 13.0 
3.0 0.0 11.0 3.0 21.0 
5.0 14.0 0.0 3.0 4.0 
17.0 6.0 21.0 0.0 11.0 
1.0 15.0 16.0 23.0 0.0 
0.0 8.0 19.0 21.0 2.0 
0.0 0.0 3.0 7.0 4.0 
14.0 21.0 0.0 7.0 8.0 
13.0 4.0 2.0 0.0 11.0 
12.0 17.0 20.0 12.0 0.0 
0.0 15.0 14.0 11.0 3.0 
7.0 0.0 23.0 22.0 24.0 
0.0 3.0 0.0 23.0 2.0 
10.0 17.0 9.0 0.0 19.0 
8.0 24.0 0.0 14.0 0.0 
0.0 20.0 21.0 11.0 23.0 
13.0 0.0 9.0 9.0 20.0 
6.0 24.0 0.0 10.0 23.0 
8.0 16.0 6.0 0.0 7.0 
17.0 12.0 1.0 14.0 0.0 
0.0 5.0 8.0 5.0 7.0 
4.0 0.0 21.0 12.0 3.0 
16.0 9.0 0.0 6.0 24.0 
16.0 8.0 9.0 0.0 21.0 
21.0 7.0 9.0 15.0 0.0 
0.0 14.0 8.0 13.0 15.0 
17.0 0.0 24.0 12.0 6.0 
3.0 20.0 0.0 5.0 15.0 
8.0 18.0 5.0 0.0 15.0 
17.0 15.0 16.0 24.0 0.0 
0.0 12.0 21.0 11.0 22.0 
3.0 0.0 0.0 13.0 17.0 
3.0 21.0 0.0 11.0 2.0 
8.0 23.0 14.0 0.0 6.0 
13.0 4.0 11.0 19.0 0.0 
0.0 19.0 14.0 15.0 19.0 
21.0 0.0 17.0 17.0 18.0 
3.0 1.0 0.0 14.0 3.0 
14.0 15.0 0.0 0.0 22.0 
24.0 7.0 10.0 22.0 0.0 
0.0 3.0 18.0 18.0 5.0 
1.0 0.0 10.0 0.0 1.0 
6.0 1.0 0.0 16.0 6.0 
4.0 8.0 4.0 0.0 2.0 
11.0 23.0 21.0 19.0 0.0 
