0.0 8.0 11.0 2.0 5.0 
5.0 0.0 8.0 14.0 14.0 
19.0 4.0 0.0 20.0 20.0 
17.0 8.0 22.0 0.0 20.0 
9.0 7.0 24.0 10.0 0.0 
0.0 16.0 11.0 2.0 17.0 
23.0 0.0 21.0 16.0 7.0 
21.0 10.0 0.0 1.0 5.0 
21.0 13.0 5.0 0.0 19.0 
3.0 20.0 4.0 2.0 0.0 
0.0 17.0 11.0 23.0 16.0 
23.0 0.0 19.0 10.0 13.0 
2.0 0.0 0.0 18.0 6.0 
15.0 12.0 18.0 0.0 20.0 
10.0 4.0 14.0 21.0 0.0 
0.0 10.0 24.0 4.0 3.0 
7.0 0.0 12.0 1.0 8.0 
24.0 6.0 0.0 10.0 6.0 
8.0 14.0 23.0 0.0 11.0 
5.0 1.0 19.0 2.0 0.0 
0.0 3.0 11.0 20.0 12.0 
4.0 0.0 20.0 13.0 11.0 
13.0 7.0 0.0 8.0 15.0 
15.0 4.0 14.0 0.0 6.0 
12.0 11.0 1.0 17.0 0.0 
0.0 12.0 6.0 8.0 2.0 
18.0 0.0 6.0 6.0 13.0 
23.0 4.0 0.0 18.0 7.0 
13.0 1.0 21.0 0.0 14.0 
16.0 10.0 19.0 6.0 0.0 
0.0 9.0 17.0 5.0 11.0 
18.0 0.0 15.0 15.0 17.0 
11.0 23.0 0.0 4.0 23.0 
15.0 8.0 17.0 0.0 4.0 
22.0 20.0 3.0 22.0 0.0 
0.0 10.0 8.0 6.0 23.0 
1.0 0.0 4.0 1.0 12.0 
2.0 19.0 0.0 15.0 8.0 
20.0 6.0 14.0 0.0 17.0 
7.0 1.0 12.0 5.0 0.0 
0.0 11.0 14.0 16.0 3.0 
16.0 0.0 10.0 14.0 17.0 
21.0 12.0 0.0 20.0 6.0 
1.0 23.0 15.0 0.0 11.0 
21.0 1.0 10.0 12.0 0.0 
0.0 23.0 17.0 2.0 20.0 
10.0 0.0 21.0 22.0 19.0 
0.0 5.0 0.0 16.0 1.0 
23.0 4.0 17.0 0.0 17.0 
13.0 2.0 5.0 15.0 0.0 
0.0 5.0 7.0 15.0 18.0 
0.0 0.0 13.0 12.0 0.0 
15.0 3.0 0.0 10.0 5.0 
15.0 8.0 11.0 0.0 2.0 
7.0 3.0 19.0 11.0 0.0 
0.0 18.0 10.0 14.0 23.0 
12.0 0.0 19.0 10.0 0.0 
5.0 23.0 0.0 24.0 13.0 
17.0 12.0 24.0 0.0 6.0 
13.0 7.0 5.0 11.0 0.0 
