0.0 2.0 19.0 2.0 22.0 
16.0 0.0 23.0 19.0 23.0 
0.0 4.0 0.0 6.0 8.0 
24.0 13.0 4.0 0.0 3.0 
18.0 6.0 17.0 24.0 0.0 
0.0 4.0 6.0 15.0 8.0 
11.0 0.0 20.0 8.0 9.0 
21.0 14.0 0.0 6.0 9.0 
7.0 10.0 2.0 0.0 11.0 
1.0 0.0 5.0 18.0 0.0 
0.0 11.0 16.0 16.0 21.0 
21.0 0.0 16.0 22.0 20.0 
14.0 12.0 0.0 15.0 20.0 
3.0 7.0 23.0 0.0 6.0 
5.0 23.0 4.0 9.0 0.0 
0.0 19.0 14.0 2.0 14.0 
5.0 0.0 0.0 5.0 16.0 
12.0 11.0 0.0 19.0 20.0 
14.0 11.0 17.0 0.0 16.0 
18.0 1.0 2.0 1.0 0.0 
0.0 23.0 23.0 16.0 4.0 
16.0 0.0 18.0 9.0 18.0 
12.0 9.0 0.0 23.0 14.0 
2.0 16.0 24.0 0.0 14.0 
21.0 4.0 18.0 20.0 0.0 
0.0 3.0 17.0 12.0 11.0 
2.0 0.0 21.0 6.0 21.0 
18.0 10.0 0.0 7.0 20.0 
5.0 8.0 17.0 0.0 23.0 
16.0 8.0 13.0 21.0 0.0 
0.0 5.0 12.0 10.0 11.0 
11.0 0.0 4.0 7.0 6.0 
11.0 20.0 0.0 10.0 6.0 
23.0 14.0 9.0 0.0 1.0 
20.0 4.0 16.0 4.0 0.0 
0.0 18.0 5.0 20.0 5.0 
14.0 0.0 21.0 16.0 23.0 
11.0 11.0 0.0 16.0 15.0 
1.0 5.0 7.0 0.0 16.0 
14.0 14.0 22.0 23.0 0.0 
0.0 5.0 24.0 0.0 1.0 
13.0 0.0 22.0 16.0 2.0 
1.0 13.0 0.0 1.0 3.0 
9.0 22.0 16.0 0.0 13.0 
23.0 6.0 1.0 4.0 0.0 
0.0 7.0 7.0 15.0 16.0 
8.0 0.0 22.0 7.0 22.0 
7.0 6.0 0.0 11.0 13.0 
11.0 8.0 4.0 0.0 5.0 
16.0 19.0 21.0 0.0 0.0 
0.0 19.0 7.0 9.0 7.0 
13.0 0.0 8.0 4.0 3.0 
23.0 3.0 0.0 4.0 6.0 
1.0 11.0 16.0 0.0 8.0 
24.0 3.0 22.0 16.0 0.0 
0.0 10.0 2.0 9.0 14.0 
22.0 0.0 0.0 14.0 12.0 
19.0 17.0 0.0 14.0 19.0 
17.0 11.0 10.0 0.0 18.0 
3.0 4.0 18.0 22.0 0.0 
