0.0 3.0 1.0 2.0 24.0 
11.0 0.0 5.0 12.0 22.0 
19.0 9.0 0.0 13.0 1.0 
6.0 11.0 6.0 0.0 0.0 
15.0 20.0 2.0 13.0 0.0 
0.0 3.0 13.0 14.0 16.0 
9.0 0.0 17.0 18.0 15.0 
22.0 23.0 0.0 12.0 17.0 
12.0 0.0 8.0 0.0 3.0 
8.0 19.0 21.0 22.0 0.0 
0.0 21.0 18.0 1.0 1.0 
4.0 0.0 1.0 23.0 21.0 
8.0 4.0 0.0 7.0 14.0 
18.0 1.0 11.0 0.0 4.0 
3.0 23.0 22.0 15.0 0.0 
0.0 8.0 16.0 11.0 23.0 
0.0 0.0 5.0 1.0 11.0 
19.0 2.0 0.0 20.0 24.0 
15.0 9.0 20.0 0.0 7.0 
19.0 1.0 12.0 0.0 0.0 
0.0 15.0 1.0 14.0 13.0 
8.0 0.0 20.0 17.0 5.0 
4.0 17.0 0.0 22.0 4.0 
18.0 10.0 19.0 0.0 8.0 
1.0 3.0 8.0 13.0 0.0 
0.0 19.0 19.0 11.0 13.0 
5.0 0.0 15.0 8.0 2.0 
10.0 1.0 0.0 0.0 5.0 
16.0 10.0 5.0 0.0 23.0 
7.0 19.0 8.0 21.0 0.0 
0.0 6.0 16.0 18.0 19.0 
4.0 0.0 20.0 16.0 11.0 
18.0 1.0 0.0 16.0 11.0 
21.0 7.0 23.0 0.0 10.0 
23.0 17.0 24.0 6.0 0.0 
0.0 21.0 6.0 11.0 15.0 
11.0 0.0 22.0 3.0 22.0 
3.0 10.0 0.0 5.0 11.0 
22.0 20.0 9.0 0.0 8.0 
12.0 21.0 14.0 5.0 0.0 
0.0 23.0 6.0 11.0 4.0 
15.0 0.0 20.0 24.0 11.0 
6.0 22.0 0.0 7.0 14.0 
24.0 0.0 23.0 0.0 24.0 
16.0 14.0 10.0 10.0 0.0 
0.0 8.0 10.0 6.0 13.0 
12.0 0.0 21.0 24.0 19.0 
10.0 19.0 0.0 12.0 21.0 
14.0 15.0 3.0 0.0 7.0 
11.0 13.0 19.0 0.0 0.0 
0.0 20.0 10.0 7.0 21.0 
17.0 0.0 10.0 8.0 12.0 
3.0 21.0 0.0 4.0 20.0 
9.0 6.0 18.0 0.0 15.0 
12.0 13.0 8.0 12.0 0.0 
0.0 14.0 2.0 12.0 13.0 
9.0 0.0 22.0 13.0 14.0 
19.0 22.0 0.0 10.0 8.0 
13.0 2.0 11.0 0.0 2.0 
5.0 20.0 0.0 16.0 0.0 
