0.0 7.0 15.0 9.0 2.0 
13.0 0.0 8.0 9.0 20.0 
23.0 22.0 0.0 16.0 13.0 
5.0 22.0 17.0 0.0 12.0 
12.0 20.0 1.0 1.0 0.0 
0.0 7.0 14.0 14.0 5.0 
15.0 0.0 7.0 8.0 6.0 
21.0 11.0 0.0 0.0 11.0 
18.0 3.0 6.0 0.0 22.0 
8.0 19.0 11.0 9.0 0.0 
0.0 5.0 16.0 2.0 7.0 
11.0 0.0 1.0 9.0 22.0 
19.0 13.0 0.0 9.0 10.0 
7.0 21.0 10.0 0.0 22.0 
0.0 10.0 3.0 9.0 0.0 
0.0 8.0 13.0 13.0 13.0 
3.0 0.0 2.0 18.0 4.0 
7.0 13.0 0.0 24.0 11.0 
17.0 20.0 19.0 0.0 21.0 
0.0 1.0 17.0 24.0 0.0 
0.0 15.0 17.0 10.0 2.0 
11.0 0.0 8.0 21.0 13.0 
21.0 10.0 0.0 0.0 2.0 
1.0 14.0 8.0 0.0 3.0 
3.0 11.0 18.0 20.0 0.0 
0.0 10.0 16.0 17.0 19.0 
13.0 0.0 23.0 23.0 22.0 
6.0 0.0 0.0 19.0 8.0 
0.0 6.0 6.0 0.0 4.0 
18.0 5.0 8.0 1.0 0.0 
0.0 24.0 8.0 7.0 14.0 
24.0 0.0 14.0 12.0 22.0 
22.0 8.0 0.0 4.0 2.0 
16.0 19.0 1.0 0.0 6.0 
0.0 20.0 11.0 5.0 0.0 
0.0 5.0 16.0 24.0 0.0 
2.0 0.0 6.0 3.0 22.0 
3.0 20.0 0.0 20.0 17.0 
20.0 12.0 13.0 0.0 2.0 
7.0 3.0 3.0 22.0 0.0 
0.0 9.0 14.0 4.0 1.0 
24.0 0.0 14.0 24.0 11.0 
18.0 16.0 0.0 1.0 23.0 
18.0 21.0 15.0 0.0 4.0 
3.0 24.0 5.0 6.0 0.0 
0.0 17.0 0.0 12.0 6.0 
2.0 0.0 9.0 14.0 12.0 
12.0 12.0 0.0 15.0 6.0 
6.0 11.0 15.0 0.0 24.0 
22.0 9.0 24.0 24.0 0.0 
0.0 23.0 23.0 16.0 24.0 
4.0 0.0 21.0 8.0 23.0 
2.0 5.0 0.0 10.0 10.0 
9.0 16.0 22.0 0.0 14.0 
14.0 12.0 18.0 7.0 0.0 
0.0 4.0 12.0 17.0 13.0 
11.0 0.0 21.0 1.0 17.0 
19.0 6.0 0.0 9.0 18.0 
8.0 24.0 22.0 0.0 21.0 
21.0 11.0 3.0 11.0 0.0 
