0.0 12.0 16.0 7.0 7.0 
19.0 0.0 6.0 22.0 4.0 
21.0 13.0 0.0 18.0 8.0 
5.0 0.0 4.0 0.0 14.0 
1.0 13.0 5.0 23.0 0.0 
0.0 2.0 23.0 13.0 15.0 
15.0 0.0 21.0 22.0 12.0 
6.0 15.0 0.0 8.0 8.0 
1.0 5.0 13.0 0.0 1.0 
18.0 16.0 17.0 20.0 0.0 
0.0 11.0 21.0 10.0 9.0 
1.0 0.0 1.0 6.0 20.0 
4.0 17.0 0.0 13.0 24.0 
1.0 7.0 0.0 0.0 9.0 
18.0 8.0 20.0 2.0 0.0 
0.0 22.0 24.0 16.0 8.0 
12.0 0.0 3.0 20.0 3.0 
14.0 18.0 0.0 9.0 18.0 
5.0 23.0 20.0 0.0 24.0 
18.0 5.0 24.0 5.0 0.0 
0.0 0.0 24.0 9.0 2.0 
9.0 0.0 1.0 2.0 7.0 
18.0 8.0 0.0 21.0 8.0 
17.0 0.0 7.0 0.0 6.0 
18.0 10.0 14.0 9.0 0.0 
0.0 16.0 19.0 16.0 8.0 
18.0 0.0 14.0 6.0 23.0 
20.0 7.0 0.0 7.0 12.0 
0.0 22.0 12.0 0.0 14.0 
15.0 13.0 9.0 10.0 0.0 
0.0 4.0 0.0 5.0 5.0 
9.0 0.0 21.0 13.0 24.0 
18.0 7.0 0.0 8.0 17.0 
22.0 21.0 16.0 0.0 9.0 
15.0 6.0 12.0 23.0 0.0 
0.0 2.0 6.0 10.0 9.0 
14.0 0.0 9.0 20.0 3.0 
24.0 8.0 0.0 1.0 11.0 
15.0 12.0 24.0 0.0 17.0 
3.0 8.0 4.0 7.0 0.0 
0.0 19.0 11.0 17.0 11.0 
6.0 0.0 9.0 18.0 11.0 
7.0 18.0 0.0 13.0 14.0 
23.0 6.0 21.0 0.0 0.0 
6.0 1.0 10.0 9.0 0.0 
0.0 5.0 7.0 23.0 9.0 
1.0 0.0 12.0 9.0 3.0 
3.0 14.0 0.0 24.0 6.0 
16.0 21.0 18.0 0.0 13.0 
0.0 19.0 18.0 16.0 0.0 
0.0 4.0 16.0 11.0 0.0 
10.0 0.0 7.0 23.0 2.0 
21.0 4.0 0.0 6.0 15.0 
14.0 1.0 9.0 0.0 3.0 
5.0 10.0 3.0 4.0 0.0 
0.0 18.0 17.0 22.0 14.0 
17.0 0.0 7.0 1.0 20.0 
9.0 20.0 0.0 4.0 22.0 
7.0 23.0 16.0 0.0 7.0 
5.0 24.0 20.0 11.0 0.0 
