0.0 2.0 17.0 10.0 17.0 
14.0 0.0 7.0 16.0 17.0 
22.0 18.0 0.0 16.0 14.0 
15.0 11.0 19.0 0.0 0.0 
15.0 8.0 3.0 14.0 0.0 
0.0 10.0 1.0 20.0 11.0 
9.0 0.0 11.0 11.0 8.0 
12.0 21.0 0.0 20.0 0.0 
10.0 3.0 24.0 0.0 23.0 
15.0 2.0 4.0 14.0 0.0 
0.0 5.0 7.0 19.0 19.0 
9.0 0.0 13.0 11.0 10.0 
19.0 5.0 0.0 11.0 9.0 
13.0 19.0 15.0 0.0 16.0 
12.0 11.0 19.0 18.0 0.0 
0.0 7.0 4.0 6.0 6.0 
22.0 0.0 2.0 14.0 12.0 
0.0 17.0 0.0 9.0 21.0 
3.0 18.0 6.0 0.0 17.0 
12.0 17.0 20.0 10.0 0.0 
0.0 8.0 16.0 1.0 24.0 
2.0 0.0 14.0 4.0 0.0 
8.0 2.0 0.0 22.0 21.0 
2.0 11.0 0.0 0.0 12.0 
24.0 15.0 15.0 16.0 0.0 
0.0 0.0 2.0 13.0 24.0 
3.0 0.0 5.0 24.0 21.0 
8.0 3.0 0.0 19.0 4.0 
14.0 18.0 18.0 0.0 22.0 
3.0 15.0 22.0 4.0 0.0 
0.0 3.0 1.0 14.0 11.0 
18.0 0.0 0.0 3.0 23.0 
1.0 11.0 0.0 11.0 13.0 
12.0 20.0 3.0 0.0 2.0 
1.0 13.0 4.0 4.0 0.0 
0.0 4.0 0.0 9.0 8.0 
0.0 0.0 24.0 14.0 0.0 
7.0 22.0 0.0 24.0 12.0 
20.0 11.0 16.0 0.0 5.0 
2.0 23.0 14.0 8.0 0.0 
0.0 15.0 23.0 23.0 21.0 
3.0 0.0 21.0 0.0 10.0 
14.0 6.0 0.0 23.0 6.0 
19.0 13.0 6.0 0.0 11.0 
8.0 7.0 6.0 10.0 0.0 
0.0 7.0 21.0 21.0 7.0 
14.0 0.0 12.0 11.0 5.0 
3.0 14.0 0.0 1.0 16.0 
19.0 7.0 20.0 0.0 9.0 
10.0 8.0 14.0 19.0 0.0 
0.0 5.0 11.0 0.0 2.0 
2.0 0.0 18.0 5.0 14.0 
12.0 20.0 0.0 15.0 21.0 
7.0 9.0 12.0 0.0 9.0 
6.0 10.0 2.0 8.0 0.0 
0.0 11.0 19.0 0.0 2.0 
0.0 0.0 22.0 14.0 6.0 
7.0 23.0 0.0 0.0 13.0 
23.0 13.0 2.0 0.0 19.0 
11.0 13.0 8.0 0.0 0.0 
