0.0 8.0 18.0 11.0 6.0 
4.0 0.0 16.0 20.0 11.0 
18.0 14.0 0.0 10.0 13.0 
9.0 21.0 19.0 0.0 4.0 
1.0 21.0 15.0 11.0 0.0 
0.0 18.0 5.0 18.0 4.0 
9.0 0.0 1.0 18.0 0.0 
15.0 2.0 0.0 19.0 21.0 
5.0 8.0 15.0 0.0 9.0 
23.0 19.0 5.0 9.0 0.0 
0.0 19.0 20.0 21.0 24.0 
18.0 0.0 17.0 8.0 21.0 
1.0 0.0 0.0 1.0 24.0 
18.0 6.0 3.0 0.0 14.0 
24.0 19.0 12.0 21.0 0.0 
0.0 18.0 21.0 15.0 10.0 
10.0 0.0 14.0 21.0 1.0 
19.0 12.0 0.0 13.0 5.0 
3.0 4.0 3.0 0.0 14.0 
18.0 17.0 16.0 2.0 0.0 
0.0 8.0 23.0 18.0 2.0 
6.0 0.0 14.0 8.0 16.0 
10.0 7.0 0.0 21.0 3.0 
15.0 20.0 15.0 0.0 9.0 
13.0 13.0 1.0 3.0 0.0 
0.0 2.0 6.0 20.0 20.0 
9.0 0.0 7.0 14.0 5.0 
17.0 19.0 0.0 20.0 9.0 
11.0 2.0 24.0 0.0 18.0 
14.0 2.0 3.0 20.0 0.0 
0.0 19.0 14.0 7.0 12.0 
6.0 0.0 4.0 15.0 22.0 
9.0 1.0 0.0 17.0 13.0 
10.0 15.0 9.0 0.0 17.0 
4.0 22.0 1.0 21.0 0.0 
0.0 20.0 9.0 1.0 21.0 
14.0 0.0 1.0 5.0 21.0 
6.0 7.0 0.0 5.0 18.0 
24.0 8.0 22.0 0.0 17.0 
3.0 2.0 17.0 16.0 0.0 
0.0 8.0 7.0 1.0 22.0 
18.0 0.0 4.0 24.0 0.0 
23.0 11.0 0.0 4.0 3.0 
16.0 9.0 1.0 0.0 14.0 
16.0 5.0 8.0 2.0 0.0 
0.0 16.0 20.0 3.0 23.0 
4.0 0.0 14.0 8.0 24.0 
0.0 16.0 0.0 12.0 19.0 
11.0 21.0 15.0 0.0 18.0 
7.0 15.0 14.0 7.0 0.0 
0.0 21.0 6.0 9.0 19.0 
14.0 0.0 22.0 21.0 18.0 
15.0 13.0 0.0 10.0 6.0 
17.0 19.0 13.0 0.0 23.0 
0.0 9.0 14.0 19.0 0.0 
0.0 8.0 17.0 13.0 5.0 
5.0 0.0 10.0 9.0 10.0 
18.0 17.0 0.0 13.0 18.0 
19.0 3.0 9.0 0.0 2.0 
4.0 13.0 5.0 22.0 0.0 
