0.0 16.0 16.0 0.0 23.0 
19.0 0.0 0.0 21.0 14.0 
16.0 12.0 0.0 7.0 18.0 
10.0 16.0 20.0 0.0 2.0 
23.0 6.0 4.0 0.0 0.0 
0.0 9.0 7.0 22.0 13.0 
21.0 0.0 10.0 4.0 20.0 
4.0 20.0 0.0 21.0 19.0 
20.0 2.0 6.0 0.0 10.0 
18.0 10.0 4.0 8.0 0.0 
0.0 1.0 22.0 0.0 24.0 
19.0 0.0 3.0 15.0 4.0 
13.0 13.0 0.0 12.0 1.0 
10.0 24.0 1.0 0.0 1.0 
4.0 8.0 20.0 2.0 0.0 
0.0 7.0 24.0 0.0 9.0 
5.0 0.0 16.0 24.0 20.0 
3.0 14.0 0.0 14.0 12.0 
1.0 13.0 21.0 0.0 7.0 
14.0 14.0 2.0 13.0 0.0 
0.0 2.0 23.0 22.0 11.0 
18.0 0.0 0.0 8.0 15.0 
9.0 14.0 0.0 24.0 13.0 
18.0 13.0 23.0 0.0 5.0 
10.0 3.0 21.0 16.0 0.0 
0.0 13.0 23.0 18.0 11.0 
7.0 0.0 6.0 1.0 21.0 
7.0 9.0 0.0 2.0 14.0 
11.0 13.0 3.0 0.0 4.0 
15.0 0.0 9.0 6.0 0.0 
0.0 18.0 14.0 20.0 6.0 
20.0 0.0 8.0 23.0 14.0 
2.0 1.0 0.0 23.0 14.0 
3.0 20.0 2.0 0.0 6.0 
15.0 12.0 18.0 8.0 0.0 
0.0 17.0 10.0 19.0 22.0 
22.0 0.0 15.0 18.0 4.0 
23.0 18.0 0.0 18.0 13.0 
17.0 21.0 10.0 0.0 16.0 
14.0 5.0 13.0 7.0 0.0 
0.0 9.0 22.0 19.0 20.0 
11.0 0.0 19.0 0.0 1.0 
8.0 23.0 0.0 3.0 20.0 
4.0 15.0 6.0 0.0 10.0 
13.0 12.0 0.0 14.0 0.0 
0.0 12.0 8.0 15.0 12.0 
12.0 0.0 11.0 7.0 13.0 
10.0 15.0 0.0 14.0 0.0 
1.0 0.0 20.0 0.0 23.0 
7.0 21.0 22.0 24.0 0.0 
0.0 22.0 15.0 12.0 18.0 
7.0 0.0 17.0 24.0 0.0 
10.0 23.0 0.0 21.0 16.0 
20.0 7.0 7.0 0.0 3.0 
23.0 2.0 6.0 16.0 0.0 
0.0 5.0 8.0 9.0 9.0 
0.0 0.0 10.0 18.0 15.0 
18.0 14.0 0.0 20.0 10.0 
20.0 24.0 19.0 0.0 20.0 
14.0 16.0 24.0 16.0 0.0 
