0.0 15.0 9.0 16.0 23.0 
11.0 0.0 19.0 9.0 15.0 
24.0 14.0 0.0 1.0 8.0 
15.0 8.0 17.0 0.0 14.0 
2.0 6.0 2.0 1.0 0.0 
0.0 15.0 6.0 8.0 18.0 
8.0 0.0 24.0 4.0 20.0 
14.0 24.0 0.0 16.0 17.0 
8.0 19.0 5.0 0.0 13.0 
7.0 24.0 5.0 4.0 0.0 
0.0 20.0 16.0 17.0 17.0 
17.0 0.0 14.0 14.0 19.0 
2.0 3.0 0.0 19.0 16.0 
21.0 23.0 0.0 0.0 19.0 
12.0 3.0 20.0 24.0 0.0 
0.0 16.0 6.0 19.0 9.0 
14.0 0.0 21.0 13.0 14.0 
5.0 7.0 0.0 14.0 12.0 
1.0 21.0 9.0 0.0 10.0 
23.0 10.0 8.0 23.0 0.0 
0.0 14.0 1.0 18.0 14.0 
22.0 0.0 12.0 23.0 18.0 
21.0 22.0 0.0 22.0 14.0 
19.0 17.0 16.0 0.0 10.0 
1.0 24.0 0.0 16.0 0.0 
0.0 14.0 4.0 1.0 11.0 
7.0 0.0 14.0 15.0 14.0 
6.0 10.0 0.0 18.0 2.0 
6.0 24.0 6.0 0.0 17.0 
1.0 6.0 0.0 7.0 0.0 
0.0 6.0 3.0 11.0 10.0 
11.0 0.0 17.0 18.0 18.0 
6.0 18.0 0.0 9.0 20.0 
14.0 6.0 19.0 0.0 8.0 
3.0 2.0 12.0 5.0 0.0 
0.0 9.0 20.0 4.0 19.0 
22.0 0.0 24.0 0.0 9.0 
19.0 20.0 0.0 8.0 24.0 
24.0 8.0 17.0 0.0 5.0 
22.0 5.0 8.0 8.0 0.0 
0.0 4.0 23.0 3.0 17.0 
10.0 0.0 11.0 4.0 7.0 
14.0 9.0 0.0 10.0 18.0 
7.0 22.0 18.0 0.0 9.0 
6.0 20.0 6.0 21.0 0.0 
0.0 12.0 3.0 5.0 24.0 
23.0 0.0 7.0 22.0 20.0 
4.0 0.0 0.0 3.0 4.0 
6.0 11.0 1.0 0.0 4.0 
8.0 23.0 23.0 17.0 0.0 
0.0 23.0 10.0 8.0 6.0 
17.0 0.0 0.0 14.0 6.0 
20.0 13.0 0.0 20.0 1.0 
23.0 12.0 14.0 0.0 2.0 
7.0 19.0 1.0 6.0 0.0 
0.0 14.0 3.0 16.0 24.0 
21.0 0.0 11.0 19.0 23.0 
4.0 8.0 0.0 13.0 6.0 
17.0 12.0 14.0 0.0 20.0 
17.0 0.0 10.0 17.0 0.0 
