0.0 12.0 9.0 21.0 14.0 
4.0 0.0 2.0 19.0 12.0 
22.0 19.0 0.0 23.0 23.0 
20.0 15.0 15.0 0.0 8.0 
16.0 1.0 19.0 18.0 0.0 
0.0 9.0 14.0 13.0 23.0 
2.0 0.0 6.0 17.0 16.0 
24.0 12.0 0.0 18.0 23.0 
1.0 8.0 1.0 0.0 1.0 
0.0 16.0 2.0 21.0 0.0 
0.0 10.0 8.0 22.0 24.0 
17.0 0.0 6.0 5.0 0.0 
15.0 16.0 0.0 21.0 11.0 
4.0 20.0 8.0 0.0 12.0 
8.0 21.0 4.0 23.0 0.0 
0.0 16.0 15.0 10.0 20.0 
8.0 0.0 1.0 14.0 9.0 
2.0 18.0 0.0 8.0 22.0 
8.0 11.0 19.0 0.0 8.0 
3.0 6.0 23.0 11.0 0.0 
0.0 6.0 9.0 19.0 13.0 
16.0 0.0 3.0 11.0 24.0 
6.0 22.0 0.0 19.0 21.0 
13.0 2.0 23.0 0.0 4.0 
6.0 1.0 12.0 12.0 0.0 
0.0 13.0 22.0 3.0 9.0 
9.0 0.0 15.0 8.0 24.0 
14.0 10.0 0.0 19.0 5.0 
12.0 22.0 15.0 0.0 9.0 
7.0 0.0 5.0 17.0 0.0 
0.0 23.0 19.0 2.0 8.0 
2.0 0.0 2.0 21.0 6.0 
10.0 19.0 0.0 5.0 5.0 
11.0 20.0 5.0 0.0 10.0 
22.0 8.0 21.0 17.0 0.0 
0.0 10.0 2.0 22.0 23.0 
14.0 0.0 13.0 12.0 16.0 
9.0 4.0 0.0 9.0 20.0 
22.0 18.0 3.0 0.0 21.0 
22.0 17.0 19.0 5.0 0.0 
0.0 11.0 2.0 15.0 16.0 
12.0 0.0 20.0 16.0 12.0 
15.0 7.0 0.0 0.0 15.0 
18.0 17.0 1.0 0.0 15.0 
10.0 8.0 4.0 1.0 0.0 
0.0 6.0 21.0 7.0 10.0 
2.0 0.0 21.0 12.0 18.0 
15.0 24.0 0.0 17.0 19.0 
14.0 9.0 3.0 0.0 6.0 
8.0 24.0 17.0 23.0 0.0 
0.0 8.0 4.0 23.0 22.0 
14.0 0.0 23.0 16.0 12.0 
13.0 18.0 0.0 4.0 18.0 
1.0 1.0 15.0 0.0 15.0 
17.0 5.0 7.0 8.0 0.0 
0.0 14.0 9.0 24.0 1.0 
22.0 0.0 14.0 8.0 7.0 
9.0 7.0 0.0 24.0 23.0 
1.0 14.0 12.0 0.0 20.0 
7.0 24.0 17.0 23.0 0.0 
