0.0 19.0 13.0 18.0 9.0 
7.0 0.0 22.0 5.0 21.0 
3.0 19.0 0.0 15.0 22.0 
24.0 10.0 23.0 0.0 18.0 
1.0 19.0 22.0 0.0 0.0 
0.0 9.0 23.0 18.0 9.0 
17.0 0.0 3.0 10.0 6.0 
16.0 24.0 0.0 4.0 24.0 
0.0 24.0 14.0 0.0 3.0 
20.0 4.0 20.0 6.0 0.0 
0.0 2.0 4.0 7.0 24.0 
13.0 0.0 16.0 21.0 7.0 
8.0 17.0 0.0 2.0 2.0 
22.0 21.0 13.0 0.0 9.0 
18.0 2.0 14.0 9.0 0.0 
0.0 10.0 24.0 24.0 18.0 
8.0 0.0 21.0 1.0 1.0 
3.0 20.0 0.0 4.0 19.0 
0.0 10.0 23.0 0.0 1.0 
14.0 24.0 19.0 16.0 0.0 
0.0 1.0 2.0 19.0 11.0 
6.0 0.0 10.0 18.0 12.0 
7.0 15.0 0.0 8.0 19.0 
11.0 4.0 1.0 0.0 4.0 
16.0 0.0 0.0 13.0 0.0 
0.0 15.0 7.0 23.0 1.0 
13.0 0.0 2.0 15.0 24.0 
6.0 9.0 0.0 22.0 14.0 
9.0 10.0 4.0 0.0 17.0 
13.0 9.0 0.0 0.0 0.0 
0.0 17.0 12.0 15.0 12.0 
14.0 0.0 13.0 12.0 12.0 
9.0 19.0 0.0 23.0 6.0 
24.0 23.0 3.0 0.0 22.0 
21.0 13.0 10.0 17.0 0.0 
0.0 23.0 20.0 23.0 19.0 
20.0 0.0 21.0 13.0 15.0 
18.0 7.0 0.0 21.0 4.0 
0.0 3.0 16.0 0.0 7.0 
8.0 19.0 8.0 16.0 0.0 
0.0 7.0 24.0 14.0 6.0 
11.0 0.0 8.0 3.0 12.0 
23.0 3.0 0.0 24.0 15.0 
17.0 21.0 17.0 0.0 9.0 
5.0 2.0 18.0 22.0 0.0 
0.0 16.0 11.0 20.0 22.0 
17.0 0.0 22.0 8.0 12.0 
17.0 24.0 0.0 4.0 13.0 
14.0 6.0 11.0 0.0 12.0 
5.0 21.0 8.0 6.0 0.0 
0.0 16.0 10.0 14.0 21.0 
23.0 0.0 18.0 2.0 20.0 
11.0 20.0 0.0 17.0 11.0 
20.0 16.0 4.0 0.0 22.0 
6.0 4.0 1.0 9.0 0.0 
0.0 17.0 14.0 12.0 20.0 
5.0 0.0 12.0 21.0 5.0 
9.0 2.0 0.0 15.0 2.0 
0.0 4.0 17.0 0.0 12.0 
9.0 19.0 14.0 6.0 0.0 
