0.0 23.0 24.0 11.0 22.0 
11.0 0.0 17.0 13.0 19.0 
13.0 19.0 0.0 23.0 6.0 
23.0 5.0 4.0 0.0 2.0 
13.0 4.0 16.0 7.0 0.0 
0.0 9.0 4.0 17.0 12.0 
14.0 0.0 24.0 9.0 12.0 
3.0 20.0 0.0 5.0 8.0 
23.0 9.0 23.0 0.0 17.0 
8.0 23.0 8.0 4.0 0.0 
0.0 8.0 10.0 0.0 11.0 
2.0 0.0 3.0 8.0 11.0 
24.0 4.0 0.0 10.0 5.0 
4.0 6.0 18.0 0.0 15.0 
7.0 6.0 22.0 17.0 0.0 
0.0 18.0 16.0 0.0 11.0 
11.0 0.0 9.0 20.0 14.0 
4.0 0.0 0.0 21.0 24.0 
12.0 12.0 16.0 0.0 4.0 
24.0 24.0 7.0 15.0 0.0 
0.0 21.0 4.0 4.0 12.0 
4.0 0.0 1.0 21.0 7.0 
17.0 23.0 0.0 14.0 12.0 
22.0 6.0 13.0 0.0 12.0 
10.0 4.0 0.0 23.0 0.0 
0.0 8.0 2.0 22.0 20.0 
4.0 0.0 15.0 8.0 0.0 
12.0 3.0 0.0 11.0 2.0 
24.0 15.0 19.0 0.0 18.0 
11.0 22.0 2.0 19.0 0.0 
0.0 21.0 6.0 16.0 20.0 
5.0 0.0 6.0 3.0 14.0 
18.0 17.0 0.0 17.0 1.0 
13.0 16.0 23.0 0.0 11.0 
21.0 8.0 23.0 14.0 0.0 
0.0 13.0 10.0 13.0 18.0 
6.0 0.0 13.0 17.0 3.0 
24.0 7.0 0.0 8.0 21.0 
12.0 1.0 15.0 0.0 16.0 
19.0 4.0 3.0 23.0 0.0 
0.0 19.0 4.0 1.0 23.0 
13.0 0.0 14.0 14.0 2.0 
11.0 8.0 0.0 2.0 10.0 
13.0 21.0 11.0 0.0 23.0 
3.0 24.0 0.0 4.0 0.0 
0.0 11.0 15.0 11.0 13.0 
0.0 0.0 21.0 12.0 1.0 
16.0 17.0 0.0 19.0 4.0 
2.0 13.0 13.0 0.0 22.0 
12.0 8.0 4.0 23.0 0.0 
0.0 16.0 3.0 5.0 0.0 
8.0 0.0 24.0 7.0 4.0 
19.0 3.0 0.0 8.0 10.0 
9.0 20.0 2.0 0.0 3.0 
10.0 4.0 18.0 16.0 0.0 
0.0 20.0 20.0 5.0 22.0 
13.0 0.0 16.0 7.0 12.0 
18.0 19.0 0.0 23.0 4.0 
16.0 11.0 0.0 0.0 0.0 
22.0 5.0 3.0 3.0 0.0 
