0.0 17.0 2.0 19.0 15.0 
19.0 0.0 24.0 2.0 7.0 
20.0 14.0 0.0 21.0 13.0 
18.0 16.0 13.0 0.0 10.0 
11.0 4.0 5.0 10.0 0.0 
0.0 7.0 11.0 0.0 24.0 
1.0 0.0 8.0 14.0 10.0 
5.0 14.0 0.0 17.0 19.0 
14.0 21.0 18.0 0.0 12.0 
4.0 12.0 11.0 21.0 0.0 
0.0 0.0 6.0 1.0 17.0 
12.0 0.0 8.0 20.0 11.0 
8.0 19.0 0.0 14.0 11.0 
20.0 2.0 4.0 0.0 8.0 
18.0 17.0 15.0 8.0 0.0 
0.0 0.0 24.0 19.0 3.0 
14.0 0.0 24.0 10.0 19.0 
15.0 9.0 0.0 5.0 18.0 
10.0 9.0 4.0 0.0 5.0 
11.0 5.0 15.0 6.0 0.0 
0.0 22.0 21.0 23.0 24.0 
17.0 0.0 1.0 23.0 18.0 
23.0 4.0 0.0 15.0 8.0 
13.0 1.0 14.0 0.0 21.0 
2.0 0.0 20.0 3.0 0.0 
0.0 5.0 7.0 2.0 8.0 
19.0 0.0 19.0 1.0 22.0 
16.0 0.0 0.0 19.0 11.0 
21.0 14.0 0.0 0.0 10.0 
10.0 18.0 2.0 16.0 0.0 
0.0 16.0 13.0 20.0 5.0 
3.0 0.0 0.0 9.0 17.0 
10.0 9.0 0.0 20.0 18.0 
17.0 1.0 24.0 0.0 16.0 
21.0 24.0 12.0 3.0 0.0 
0.0 1.0 20.0 16.0 9.0 
19.0 0.0 9.0 19.0 7.0 
7.0 2.0 0.0 10.0 18.0 
19.0 11.0 24.0 0.0 10.0 
10.0 9.0 24.0 15.0 0.0 
0.0 9.0 18.0 0.0 17.0 
22.0 0.0 21.0 2.0 22.0 
13.0 7.0 0.0 1.0 19.0 
22.0 6.0 24.0 0.0 24.0 
3.0 6.0 4.0 24.0 0.0 
0.0 19.0 11.0 11.0 10.0 
21.0 0.0 10.0 10.0 8.0 
3.0 4.0 0.0 8.0 8.0 
18.0 18.0 21.0 0.0 15.0 
3.0 16.0 17.0 2.0 0.0 
0.0 5.0 11.0 9.0 21.0 
3.0 0.0 5.0 20.0 11.0 
4.0 10.0 0.0 23.0 17.0 
22.0 10.0 4.0 0.0 19.0 
5.0 23.0 19.0 18.0 0.0 
0.0 3.0 11.0 18.0 20.0 
12.0 0.0 24.0 6.0 24.0 
6.0 18.0 0.0 6.0 3.0 
10.0 10.0 21.0 0.0 2.0 
0.0 7.0 2.0 21.0 0.0 
