0.0 17.0 19.0 6.0 12.0 
11.0 0.0 16.0 16.0 13.0 
4.0 16.0 0.0 13.0 2.0 
15.0 24.0 4.0 0.0 15.0 
2.0 9.0 4.0 9.0 0.0 
0.0 9.0 12.0 5.0 3.0 
16.0 0.0 9.0 14.0 2.0 
19.0 7.0 0.0 16.0 20.0 
24.0 19.0 14.0 0.0 24.0 
9.0 10.0 21.0 17.0 0.0 
0.0 7.0 1.0 22.0 15.0 
6.0 0.0 20.0 17.0 15.0 
20.0 0.0 0.0 5.0 9.0 
9.0 1.0 17.0 0.0 16.0 
10.0 3.0 17.0 0.0 0.0 
0.0 14.0 23.0 18.0 5.0 
9.0 0.0 21.0 2.0 21.0 
4.0 14.0 0.0 7.0 9.0 
23.0 1.0 18.0 0.0 0.0 
17.0 11.0 16.0 24.0 0.0 
0.0 0.0 3.0 7.0 20.0 
13.0 0.0 7.0 6.0 11.0 
14.0 14.0 0.0 16.0 2.0 
16.0 22.0 9.0 0.0 0.0 
2.0 19.0 8.0 19.0 0.0 
0.0 10.0 13.0 9.0 20.0 
0.0 0.0 11.0 19.0 21.0 
2.0 22.0 0.0 7.0 11.0 
11.0 12.0 22.0 0.0 13.0 
15.0 22.0 24.0 3.0 0.0 
0.0 6.0 15.0 6.0 9.0 
6.0 0.0 11.0 21.0 3.0 
20.0 19.0 0.0 6.0 20.0 
17.0 7.0 20.0 0.0 8.0 
17.0 4.0 21.0 17.0 0.0 
0.0 16.0 23.0 8.0 15.0 
20.0 0.0 24.0 16.0 7.0 
14.0 5.0 0.0 8.0 13.0 
16.0 7.0 13.0 0.0 3.0 
6.0 9.0 18.0 4.0 0.0 
0.0 19.0 5.0 18.0 5.0 
6.0 0.0 23.0 24.0 12.0 
0.0 11.0 0.0 1.0 5.0 
21.0 0.0 17.0 0.0 22.0 
4.0 15.0 14.0 24.0 0.0 
0.0 20.0 16.0 24.0 20.0 
7.0 0.0 18.0 24.0 17.0 
11.0 7.0 0.0 5.0 3.0 
11.0 9.0 8.0 0.0 8.0 
19.0 12.0 0.0 7.0 0.0 
0.0 21.0 17.0 15.0 20.0 
10.0 0.0 18.0 13.0 20.0 
7.0 23.0 0.0 9.0 4.0 
16.0 18.0 22.0 0.0 15.0 
1.0 24.0 20.0 10.0 0.0 
0.0 23.0 12.0 10.0 21.0 
16.0 0.0 23.0 15.0 24.0 
1.0 24.0 0.0 11.0 17.0 
5.0 18.0 23.0 0.0 10.0 
4.0 15.0 13.0 20.0 0.0 
