0.0 8.0 15.0 20.0 10.0 
4.0 0.0 22.0 17.0 1.0 
23.0 10.0 0.0 3.0 22.0 
11.0 20.0 19.0 0.0 4.0 
8.0 13.0 23.0 3.0 0.0 
0.0 16.0 5.0 1.0 23.0 
4.0 0.0 18.0 18.0 2.0 
5.0 15.0 0.0 4.0 20.0 
18.0 6.0 6.0 0.0 7.0 
10.0 24.0 15.0 8.0 0.0 
0.0 9.0 21.0 6.0 16.0 
8.0 0.0 14.0 6.0 18.0 
18.0 1.0 0.0 8.0 1.0 
0.0 17.0 7.0 0.0 4.0 
16.0 5.0 5.0 11.0 0.0 
0.0 1.0 8.0 9.0 14.0 
7.0 0.0 24.0 20.0 13.0 
19.0 20.0 0.0 2.0 10.0 
3.0 21.0 19.0 0.0 7.0 
16.0 3.0 22.0 12.0 0.0 
0.0 15.0 9.0 15.0 11.0 
20.0 0.0 15.0 23.0 2.0 
0.0 13.0 0.0 16.0 21.0 
21.0 11.0 7.0 0.0 6.0 
10.0 8.0 5.0 6.0 0.0 
0.0 20.0 6.0 19.0 2.0 
17.0 0.0 11.0 12.0 4.0 
23.0 9.0 0.0 5.0 2.0 
22.0 3.0 1.0 0.0 0.0 
15.0 22.0 1.0 23.0 0.0 
0.0 7.0 24.0 23.0 4.0 
2.0 0.0 18.0 20.0 9.0 
0.0 5.0 0.0 3.0 2.0 
14.0 24.0 9.0 0.0 18.0 
11.0 15.0 21.0 19.0 0.0 
0.0 22.0 14.0 19.0 8.0 
2.0 0.0 15.0 6.0 17.0 
6.0 2.0 0.0 7.0 0.0 
24.0 6.0 21.0 0.0 5.0 
22.0 19.0 20.0 19.0 0.0 
0.0 11.0 20.0 20.0 21.0 
21.0 0.0 2.0 1.0 10.0 
23.0 22.0 0.0 23.0 18.0 
12.0 10.0 1.0 0.0 7.0 
18.0 13.0 17.0 17.0 0.0 
0.0 9.0 17.0 19.0 0.0 
15.0 0.0 6.0 14.0 1.0 
16.0 8.0 0.0 13.0 14.0 
14.0 16.0 19.0 0.0 10.0 
20.0 12.0 13.0 10.0 0.0 
0.0 4.0 18.0 22.0 23.0 
14.0 0.0 14.0 11.0 1.0 
17.0 20.0 0.0 18.0 19.0 
8.0 15.0 5.0 0.0 13.0 
0.0 2.0 13.0 11.0 0.0 
0.0 6.0 13.0 19.0 0.0 
22.0 0.0 21.0 12.0 3.0 
5.0 10.0 0.0 15.0 21.0 
22.0 12.0 1.0 0.0 14.0 
10.0 18.0 7.0 2.0 0.0 
