0.0 10.0 21.0 5.0 0.0 
18.0 0.0 15.0 4.0 17.0 
13.0 18.0 0.0 17.0 20.0 
12.0 14.0 7.0 0.0 5.0 
4.0 11.0 10.0 6.0 0.0 
0.0 13.0 19.0 8.0 23.0 
2.0 0.0 21.0 5.0 17.0 
18.0 22.0 0.0 4.0 9.0 
9.0 19.0 21.0 0.0 16.0 
12.0 12.0 7.0 8.0 0.0 
0.0 23.0 5.0 4.0 15.0 
10.0 0.0 22.0 0.0 15.0 
15.0 18.0 0.0 6.0 9.0 
16.0 23.0 5.0 0.0 8.0 
5.0 15.0 23.0 17.0 0.0 
0.0 1.0 22.0 18.0 0.0 
13.0 0.0 2.0 10.0 11.0 
15.0 5.0 0.0 12.0 22.0 
0.0 7.0 4.0 0.0 11.0 
5.0 19.0 10.0 22.0 0.0 
0.0 0.0 22.0 12.0 9.0 
8.0 0.0 9.0 8.0 9.0 
10.0 14.0 0.0 21.0 5.0 
21.0 10.0 4.0 0.0 9.0 
15.0 2.0 22.0 16.0 0.0 
0.0 4.0 10.0 4.0 8.0 
22.0 0.0 24.0 20.0 0.0 
0.0 2.0 0.0 14.0 11.0 
9.0 22.0 11.0 0.0 21.0 
14.0 1.0 14.0 5.0 0.0 
0.0 13.0 10.0 18.0 9.0 
14.0 0.0 6.0 0.0 0.0 
9.0 5.0 0.0 18.0 0.0 
22.0 11.0 6.0 0.0 3.0 
5.0 2.0 14.0 23.0 0.0 
0.0 8.0 2.0 6.0 21.0 
0.0 0.0 15.0 13.0 20.0 
12.0 19.0 0.0 13.0 23.0 
10.0 3.0 5.0 0.0 17.0 
0.0 14.0 14.0 6.0 0.0 
0.0 5.0 0.0 8.0 2.0 
7.0 0.0 14.0 24.0 19.0 
0.0 16.0 0.0 11.0 15.0 
1.0 8.0 14.0 0.0 18.0 
10.0 13.0 9.0 6.0 0.0 
0.0 1.0 15.0 21.0 12.0 
6.0 0.0 4.0 12.0 3.0 
11.0 15.0 0.0 6.0 1.0 
21.0 0.0 20.0 0.0 15.0 
23.0 22.0 21.0 17.0 0.0 
0.0 21.0 12.0 9.0 9.0 
19.0 0.0 14.0 15.0 5.0 
9.0 5.0 0.0 3.0 18.0 
13.0 20.0 9.0 0.0 18.0 
18.0 4.0 2.0 11.0 0.0 
0.0 15.0 3.0 12.0 19.0 
14.0 0.0 14.0 8.0 11.0 
17.0 10.0 0.0 10.0 14.0 
11.0 19.0 15.0 0.0 16.0 
5.0 5.0 1.0 14.0 0.0 
