0.0 5.0 20.0 14.0 7.0 
8.0 0.0 24.0 21.0 8.0 
23.0 16.0 0.0 0.0 20.0 
11.0 11.0 17.0 0.0 16.0 
21.0 8.0 15.0 24.0 0.0 
0.0 5.0 8.0 19.0 19.0 
18.0 0.0 16.0 15.0 2.0 
17.0 2.0 0.0 4.0 16.0 
23.0 16.0 4.0 0.0 15.0 
4.0 24.0 1.0 0.0 0.0 
0.0 11.0 20.0 0.0 14.0 
7.0 0.0 1.0 17.0 14.0 
23.0 12.0 0.0 13.0 12.0 
17.0 0.0 3.0 0.0 17.0 
3.0 0.0 13.0 2.0 0.0 
0.0 8.0 8.0 19.0 20.0 
19.0 0.0 3.0 8.0 1.0 
15.0 13.0 0.0 5.0 13.0 
9.0 2.0 11.0 0.0 4.0 
24.0 3.0 14.0 9.0 0.0 
0.0 12.0 3.0 13.0 14.0 
17.0 0.0 15.0 7.0 20.0 
6.0 9.0 0.0 8.0 12.0 
6.0 14.0 12.0 0.0 8.0 
20.0 12.0 8.0 8.0 0.0 
0.0 21.0 7.0 18.0 11.0 
1.0 0.0 7.0 0.0 12.0 
7.0 14.0 0.0 20.0 13.0 
22.0 19.0 11.0 0.0 17.0 
7.0 24.0 2.0 24.0 0.0 
0.0 4.0 13.0 14.0 15.0 
16.0 0.0 15.0 0.0 10.0 
13.0 2.0 0.0 0.0 3.0 
10.0 24.0 4.0 0.0 0.0 
7.0 11.0 20.0 8.0 0.0 
0.0 6.0 6.0 14.0 2.0 
9.0 0.0 7.0 3.0 2.0 
13.0 6.0 0.0 2.0 12.0 
7.0 22.0 5.0 0.0 0.0 
13.0 17.0 23.0 14.0 0.0 
0.0 11.0 7.0 9.0 3.0 
23.0 0.0 24.0 6.0 6.0 
10.0 15.0 0.0 1.0 19.0 
1.0 13.0 3.0 0.0 23.0 
22.0 3.0 23.0 8.0 0.0 
0.0 11.0 23.0 21.0 16.0 
10.0 0.0 2.0 3.0 20.0 
7.0 2.0 0.0 21.0 18.0 
13.0 17.0 11.0 0.0 24.0 
2.0 1.0 13.0 11.0 0.0 
0.0 3.0 1.0 1.0 24.0 
17.0 0.0 5.0 24.0 14.0 
1.0 9.0 0.0 12.0 22.0 
9.0 9.0 18.0 0.0 13.0 
7.0 24.0 8.0 8.0 0.0 
0.0 22.0 5.0 13.0 14.0 
19.0 0.0 23.0 10.0 7.0 
13.0 21.0 0.0 14.0 18.0 
24.0 9.0 5.0 0.0 19.0 
21.0 6.0 8.0 16.0 0.0 
