0.0 16.0 16.0 11.0 22.0 
23.0 0.0 10.0 9.0 24.0 
7.0 10.0 0.0 14.0 4.0 
7.0 14.0 24.0 0.0 20.0 
6.0 6.0 7.0 5.0 0.0 
0.0 14.0 7.0 10.0 8.0 
8.0 0.0 14.0 8.0 1.0 
3.0 6.0 0.0 21.0 13.0 
3.0 7.0 7.0 0.0 2.0 
24.0 0.0 10.0 1.0 0.0 
0.0 5.0 8.0 3.0 21.0 
11.0 0.0 8.0 12.0 23.0 
3.0 8.0 0.0 24.0 17.0 
15.0 5.0 19.0 0.0 3.0 
5.0 16.0 20.0 6.0 0.0 
0.0 7.0 2.0 21.0 16.0 
8.0 0.0 10.0 6.0 17.0 
23.0 12.0 0.0 24.0 18.0 
24.0 10.0 2.0 0.0 13.0 
7.0 19.0 17.0 12.0 0.0 
0.0 2.0 19.0 16.0 21.0 
19.0 0.0 14.0 14.0 21.0 
15.0 3.0 0.0 2.0 17.0 
8.0 10.0 10.0 0.0 5.0 
24.0 3.0 11.0 10.0 0.0 
0.0 21.0 13.0 2.0 23.0 
17.0 0.0 0.0 14.0 4.0 
7.0 11.0 0.0 21.0 9.0 
9.0 19.0 9.0 0.0 7.0 
3.0 18.0 17.0 11.0 0.0 
0.0 17.0 4.0 11.0 10.0 
12.0 0.0 0.0 3.0 22.0 
15.0 7.0 0.0 2.0 19.0 
18.0 10.0 4.0 0.0 18.0 
20.0 18.0 15.0 6.0 0.0 
0.0 1.0 22.0 3.0 9.0 
2.0 0.0 2.0 14.0 2.0 
8.0 17.0 0.0 19.0 9.0 
1.0 20.0 4.0 0.0 5.0 
24.0 18.0 7.0 22.0 0.0 
0.0 22.0 16.0 6.0 16.0 
13.0 0.0 4.0 18.0 9.0 
22.0 14.0 0.0 24.0 5.0 
16.0 20.0 23.0 0.0 1.0 
2.0 2.0 17.0 6.0 0.0 
0.0 0.0 12.0 13.0 0.0 
15.0 0.0 5.0 4.0 0.0 
22.0 2.0 0.0 13.0 1.0 
19.0 11.0 23.0 0.0 7.0 
14.0 10.0 10.0 3.0 0.0 
0.0 16.0 5.0 11.0 21.0 
15.0 0.0 8.0 1.0 11.0 
4.0 4.0 0.0 24.0 18.0 
14.0 24.0 5.0 0.0 10.0 
24.0 17.0 19.0 1.0 0.0 
0.0 0.0 15.0 21.0 3.0 
20.0 0.0 22.0 9.0 3.0 
23.0 1.0 0.0 21.0 22.0 
2.0 7.0 11.0 0.0 18.0 
12.0 19.0 15.0 2.0 0.0 
