0.0 14.0 12.0 22.0 22.0 
18.0 0.0 16.0 11.0 17.0 
6.0 23.0 0.0 0.0 22.0 
16.0 1.0 14.0 0.0 8.0 
9.0 5.0 5.0 12.0 0.0 
0.0 19.0 3.0 5.0 3.0 
23.0 0.0 6.0 18.0 13.0 
20.0 14.0 0.0 2.0 22.0 
6.0 24.0 9.0 0.0 13.0 
24.0 3.0 1.0 5.0 0.0 
0.0 20.0 22.0 5.0 9.0 
4.0 0.0 5.0 12.0 16.0 
23.0 12.0 0.0 17.0 8.0 
8.0 14.0 4.0 0.0 6.0 
18.0 20.0 24.0 5.0 0.0 
0.0 24.0 17.0 16.0 20.0 
20.0 0.0 14.0 20.0 8.0 
3.0 6.0 0.0 9.0 21.0 
21.0 6.0 18.0 0.0 15.0 
2.0 11.0 20.0 17.0 0.0 
0.0 11.0 0.0 8.0 12.0 
16.0 0.0 3.0 8.0 14.0 
18.0 21.0 0.0 21.0 24.0 
4.0 7.0 23.0 0.0 18.0 
16.0 15.0 9.0 17.0 0.0 
0.0 9.0 4.0 12.0 6.0 
12.0 0.0 11.0 4.0 24.0 
1.0 10.0 0.0 18.0 18.0 
15.0 11.0 16.0 0.0 14.0 
13.0 14.0 4.0 1.0 0.0 
0.0 7.0 0.0 22.0 7.0 
4.0 0.0 6.0 8.0 24.0 
20.0 7.0 0.0 9.0 23.0 
6.0 13.0 18.0 0.0 11.0 
0.0 18.0 16.0 2.0 0.0 
0.0 4.0 7.0 11.0 16.0 
12.0 0.0 21.0 6.0 23.0 
10.0 3.0 0.0 8.0 13.0 
13.0 0.0 19.0 0.0 15.0 
1.0 22.0 20.0 10.0 0.0 
0.0 15.0 16.0 8.0 24.0 
13.0 0.0 11.0 5.0 2.0 
9.0 5.0 0.0 11.0 9.0 
14.0 24.0 14.0 0.0 5.0 
19.0 24.0 19.0 3.0 0.0 
0.0 18.0 22.0 8.0 19.0 
9.0 0.0 15.0 19.0 12.0 
15.0 12.0 0.0 23.0 16.0 
4.0 24.0 8.0 0.0 14.0 
8.0 0.0 3.0 4.0 0.0 
0.0 6.0 10.0 2.0 12.0 
6.0 0.0 23.0 12.0 21.0 
16.0 15.0 0.0 22.0 5.0 
21.0 9.0 21.0 0.0 17.0 
24.0 14.0 0.0 5.0 0.0 
0.0 22.0 14.0 12.0 10.0 
7.0 0.0 17.0 24.0 11.0 
6.0 3.0 0.0 7.0 0.0 
12.0 20.0 16.0 0.0 18.0 
0.0 22.0 14.0 4.0 0.0 
