0.0 13.0 16.0 13.0 21.0 
20.0 0.0 3.0 10.0 16.0 
5.0 5.0 0.0 3.0 7.0 
8.0 18.0 5.0 0.0 17.0 
24.0 0.0 5.0 16.0 0.0 
0.0 21.0 12.0 1.0 17.0 
4.0 0.0 8.0 8.0 18.0 
2.0 2.0 0.0 7.0 14.0 
5.0 18.0 8.0 0.0 24.0 
13.0 18.0 1.0 19.0 0.0 
0.0 10.0 5.0 21.0 10.0 
6.0 0.0 7.0 7.0 24.0 
1.0 16.0 0.0 8.0 5.0 
5.0 1.0 2.0 0.0 6.0 
20.0 14.0 0.0 2.0 0.0 
0.0 7.0 1.0 6.0 1.0 
19.0 0.0 0.0 16.0 20.0 
21.0 22.0 0.0 8.0 24.0 
20.0 4.0 20.0 0.0 22.0 
15.0 14.0 7.0 21.0 0.0 
0.0 8.0 0.0 23.0 12.0 
24.0 0.0 22.0 19.0 13.0 
9.0 21.0 0.0 16.0 8.0 
22.0 19.0 24.0 0.0 20.0 
4.0 21.0 4.0 17.0 0.0 
0.0 11.0 3.0 5.0 3.0 
17.0 0.0 5.0 23.0 11.0 
16.0 5.0 0.0 21.0 10.0 
15.0 2.0 14.0 0.0 20.0 
24.0 7.0 21.0 20.0 0.0 
0.0 14.0 4.0 21.0 10.0 
22.0 0.0 17.0 0.0 16.0 
23.0 2.0 0.0 21.0 8.0 
4.0 12.0 10.0 0.0 7.0 
6.0 7.0 20.0 21.0 0.0 
0.0 0.0 1.0 24.0 17.0 
19.0 0.0 19.0 10.0 10.0 
19.0 21.0 0.0 10.0 24.0 
19.0 1.0 19.0 0.0 7.0 
22.0 18.0 14.0 0.0 0.0 
0.0 22.0 18.0 11.0 11.0 
10.0 0.0 22.0 0.0 14.0 
2.0 19.0 0.0 24.0 3.0 
9.0 15.0 6.0 0.0 15.0 
9.0 21.0 3.0 13.0 0.0 
0.0 4.0 14.0 11.0 3.0 
15.0 0.0 20.0 19.0 14.0 
7.0 1.0 0.0 15.0 24.0 
12.0 15.0 10.0 0.0 9.0 
3.0 18.0 4.0 14.0 0.0 
0.0 11.0 0.0 8.0 13.0 
23.0 0.0 9.0 14.0 17.0 
23.0 13.0 0.0 23.0 21.0 
21.0 18.0 21.0 0.0 0.0 
17.0 8.0 14.0 20.0 0.0 
0.0 7.0 1.0 14.0 8.0 
6.0 0.0 14.0 10.0 9.0 
22.0 4.0 0.0 9.0 21.0 
5.0 7.0 14.0 0.0 14.0 
17.0 20.0 24.0 8.0 0.0 
