0.0 14.0 24.0 5.0 17.0 
5.0 0.0 3.0 1.0 22.0 
23.0 13.0 0.0 4.0 19.0 
14.0 2.0 12.0 0.0 15.0 
9.0 4.0 3.0 18.0 0.0 
0.0 17.0 20.0 3.0 8.0 
1.0 0.0 10.0 22.0 0.0 
17.0 15.0 0.0 20.0 3.0 
5.0 22.0 2.0 0.0 7.0 
8.0 22.0 11.0 19.0 0.0 
0.0 19.0 4.0 18.0 12.0 
11.0 0.0 9.0 9.0 17.0 
13.0 11.0 0.0 6.0 2.0 
16.0 22.0 11.0 0.0 20.0 
23.0 22.0 15.0 3.0 0.0 
0.0 2.0 21.0 11.0 3.0 
5.0 0.0 18.0 16.0 7.0 
22.0 0.0 0.0 1.0 17.0 
6.0 14.0 14.0 0.0 17.0 
9.0 8.0 3.0 5.0 0.0 
0.0 24.0 10.0 8.0 13.0 
4.0 0.0 9.0 0.0 11.0 
23.0 10.0 0.0 9.0 16.0 
1.0 19.0 9.0 0.0 0.0 
23.0 23.0 13.0 0.0 0.0 
0.0 9.0 2.0 4.0 17.0 
7.0 0.0 22.0 20.0 14.0 
16.0 21.0 0.0 2.0 19.0 
0.0 24.0 18.0 0.0 18.0 
8.0 9.0 5.0 5.0 0.0 
0.0 9.0 22.0 1.0 4.0 
11.0 0.0 22.0 2.0 9.0 
4.0 0.0 0.0 18.0 1.0 
1.0 7.0 1.0 0.0 6.0 
20.0 4.0 10.0 12.0 0.0 
0.0 10.0 0.0 21.0 15.0 
11.0 0.0 3.0 5.0 2.0 
1.0 11.0 0.0 1.0 21.0 
12.0 18.0 6.0 0.0 1.0 
9.0 22.0 23.0 10.0 0.0 
0.0 12.0 17.0 3.0 24.0 
0.0 0.0 20.0 0.0 7.0 
7.0 11.0 0.0 23.0 4.0 
6.0 3.0 2.0 0.0 2.0 
13.0 23.0 15.0 13.0 0.0 
0.0 21.0 21.0 16.0 9.0 
13.0 0.0 14.0 20.0 8.0 
24.0 19.0 0.0 3.0 10.0 
2.0 20.0 9.0 0.0 19.0 
20.0 20.0 7.0 5.0 0.0 
0.0 3.0 10.0 20.0 3.0 
20.0 0.0 2.0 14.0 10.0 
10.0 1.0 0.0 7.0 3.0 
2.0 18.0 9.0 0.0 21.0 
13.0 11.0 2.0 7.0 0.0 
0.0 13.0 11.0 6.0 13.0 
0.0 0.0 16.0 3.0 21.0 
22.0 18.0 0.0 20.0 20.0 
14.0 8.0 2.0 0.0 1.0 
23.0 16.0 22.0 18.0 0.0 
