0.0 8.0 24.0 22.0 14.0 
13.0 0.0 21.0 14.0 16.0 
21.0 10.0 0.0 14.0 6.0 
19.0 15.0 1.0 0.0 7.0 
5.0 9.0 0.0 16.0 0.0 
0.0 10.0 18.0 20.0 12.0 
21.0 0.0 4.0 5.0 16.0 
19.0 14.0 0.0 21.0 0.0 
18.0 7.0 17.0 0.0 21.0 
17.0 12.0 8.0 14.0 0.0 
0.0 3.0 6.0 18.0 2.0 
13.0 0.0 19.0 14.0 8.0 
1.0 8.0 0.0 8.0 17.0 
1.0 18.0 16.0 0.0 17.0 
5.0 5.0 3.0 15.0 0.0 
0.0 20.0 20.0 7.0 5.0 
23.0 0.0 21.0 13.0 3.0 
13.0 14.0 0.0 12.0 16.0 
2.0 9.0 5.0 0.0 3.0 
9.0 7.0 16.0 17.0 0.0 
0.0 20.0 6.0 24.0 3.0 
4.0 0.0 22.0 12.0 7.0 
0.0 11.0 0.0 13.0 9.0 
5.0 24.0 0.0 0.0 12.0 
24.0 22.0 7.0 2.0 0.0 
0.0 3.0 9.0 3.0 22.0 
7.0 0.0 24.0 1.0 3.0 
5.0 11.0 0.0 4.0 12.0 
21.0 6.0 20.0 0.0 24.0 
8.0 1.0 14.0 23.0 0.0 
0.0 13.0 14.0 13.0 1.0 
12.0 0.0 6.0 13.0 6.0 
2.0 11.0 0.0 11.0 3.0 
5.0 2.0 6.0 0.0 7.0 
3.0 5.0 21.0 16.0 0.0 
0.0 5.0 20.0 14.0 21.0 
23.0 0.0 14.0 14.0 23.0 
0.0 0.0 0.0 3.0 2.0 
8.0 18.0 5.0 0.0 3.0 
24.0 1.0 9.0 1.0 0.0 
0.0 1.0 8.0 16.0 16.0 
15.0 0.0 16.0 4.0 21.0 
11.0 13.0 0.0 13.0 8.0 
2.0 15.0 18.0 0.0 13.0 
10.0 11.0 10.0 24.0 0.0 
0.0 20.0 7.0 9.0 9.0 
15.0 0.0 18.0 1.0 19.0 
1.0 11.0 0.0 3.0 18.0 
8.0 4.0 3.0 0.0 2.0 
22.0 15.0 15.0 2.0 0.0 
0.0 23.0 16.0 18.0 23.0 
15.0 0.0 5.0 8.0 17.0 
15.0 10.0 0.0 13.0 17.0 
12.0 16.0 1.0 0.0 19.0 
2.0 19.0 11.0 12.0 0.0 
0.0 8.0 0.0 0.0 6.0 
14.0 0.0 12.0 24.0 1.0 
17.0 24.0 0.0 13.0 7.0 
5.0 13.0 1.0 0.0 8.0 
20.0 14.0 3.0 18.0 0.0 
