0.0 0.0 16.0 17.0 1.0 
16.0 0.0 10.0 23.0 11.0 
24.0 21.0 0.0 19.0 15.0 
7.0 15.0 21.0 0.0 18.0 
4.0 24.0 0.0 24.0 0.0 
0.0 18.0 20.0 11.0 1.0 
14.0 0.0 6.0 14.0 14.0 
15.0 18.0 0.0 6.0 13.0 
6.0 0.0 12.0 0.0 18.0 
17.0 13.0 18.0 15.0 0.0 
0.0 4.0 5.0 11.0 19.0 
17.0 0.0 14.0 9.0 13.0 
23.0 19.0 0.0 21.0 7.0 
20.0 17.0 14.0 0.0 8.0 
6.0 4.0 8.0 24.0 0.0 
0.0 11.0 7.0 4.0 15.0 
1.0 0.0 15.0 0.0 5.0 
11.0 4.0 0.0 5.0 7.0 
17.0 14.0 1.0 0.0 2.0 
2.0 4.0 12.0 22.0 0.0 
0.0 10.0 7.0 10.0 7.0 
14.0 0.0 24.0 1.0 7.0 
7.0 24.0 0.0 3.0 14.0 
9.0 15.0 2.0 0.0 1.0 
17.0 13.0 19.0 16.0 0.0 
0.0 21.0 5.0 19.0 5.0 
21.0 0.0 17.0 0.0 18.0 
7.0 5.0 0.0 19.0 8.0 
6.0 5.0 22.0 0.0 0.0 
3.0 21.0 9.0 11.0 0.0 
0.0 13.0 19.0 21.0 14.0 
2.0 0.0 11.0 13.0 13.0 
10.0 7.0 0.0 14.0 17.0 
6.0 22.0 20.0 0.0 4.0 
13.0 5.0 21.0 4.0 0.0 
0.0 13.0 8.0 17.0 23.0 
6.0 0.0 11.0 4.0 13.0 
3.0 7.0 0.0 7.0 11.0 
13.0 6.0 19.0 0.0 23.0 
2.0 23.0 9.0 7.0 0.0 
0.0 11.0 8.0 23.0 22.0 
10.0 0.0 22.0 11.0 3.0 
4.0 17.0 0.0 21.0 0.0 
7.0 23.0 8.0 0.0 21.0 
9.0 11.0 7.0 13.0 0.0 
0.0 13.0 3.0 0.0 15.0 
15.0 0.0 15.0 11.0 21.0 
23.0 17.0 0.0 0.0 0.0 
19.0 17.0 5.0 0.0 11.0 
12.0 15.0 24.0 15.0 0.0 
0.0 1.0 13.0 15.0 24.0 
15.0 0.0 21.0 2.0 22.0 
9.0 22.0 0.0 8.0 21.0 
18.0 5.0 23.0 0.0 8.0 
3.0 15.0 17.0 4.0 0.0 
0.0 20.0 10.0 10.0 21.0 
7.0 0.0 22.0 5.0 20.0 
8.0 19.0 0.0 4.0 2.0 
21.0 10.0 24.0 0.0 23.0 
22.0 4.0 13.0 1.0 0.0 
