0.0 13.0 18.0 12.0 7.0 
11.0 0.0 19.0 8.0 24.0 
7.0 8.0 0.0 11.0 14.0 
11.0 12.0 12.0 0.0 15.0 
19.0 0.0 2.0 19.0 0.0 
0.0 11.0 20.0 11.0 14.0 
0.0 0.0 11.0 2.0 5.0 
22.0 17.0 0.0 24.0 7.0 
19.0 10.0 17.0 0.0 16.0 
11.0 0.0 17.0 13.0 0.0 
0.0 15.0 24.0 20.0 10.0 
17.0 0.0 6.0 22.0 7.0 
8.0 12.0 0.0 9.0 20.0 
6.0 1.0 20.0 0.0 0.0 
3.0 17.0 15.0 19.0 0.0 
0.0 15.0 24.0 10.0 16.0 
18.0 0.0 7.0 1.0 16.0 
23.0 22.0 0.0 10.0 10.0 
1.0 4.0 24.0 0.0 6.0 
8.0 20.0 11.0 16.0 0.0 
0.0 13.0 22.0 6.0 23.0 
4.0 0.0 7.0 8.0 22.0 
18.0 20.0 0.0 3.0 15.0 
0.0 16.0 18.0 0.0 13.0 
1.0 17.0 14.0 13.0 0.0 
0.0 9.0 15.0 2.0 3.0 
4.0 0.0 11.0 24.0 10.0 
24.0 4.0 0.0 14.0 11.0 
11.0 5.0 0.0 0.0 18.0 
22.0 8.0 6.0 13.0 0.0 
0.0 13.0 9.0 24.0 8.0 
17.0 0.0 16.0 22.0 14.0 
8.0 6.0 0.0 14.0 8.0 
21.0 21.0 22.0 0.0 2.0 
24.0 17.0 3.0 7.0 0.0 
0.0 12.0 13.0 2.0 7.0 
6.0 0.0 17.0 19.0 8.0 
4.0 10.0 0.0 6.0 16.0 
17.0 24.0 2.0 0.0 20.0 
14.0 7.0 6.0 19.0 0.0 
0.0 24.0 23.0 19.0 12.0 
2.0 0.0 5.0 21.0 10.0 
4.0 22.0 0.0 14.0 15.0 
6.0 21.0 20.0 0.0 24.0 
2.0 22.0 14.0 4.0 0.0 
0.0 22.0 19.0 19.0 20.0 
4.0 0.0 18.0 7.0 2.0 
24.0 13.0 0.0 10.0 17.0 
20.0 19.0 17.0 0.0 10.0 
9.0 24.0 5.0 22.0 0.0 
0.0 0.0 10.0 1.0 11.0 
6.0 0.0 3.0 11.0 23.0 
0.0 6.0 0.0 24.0 0.0 
9.0 8.0 12.0 0.0 10.0 
7.0 23.0 19.0 1.0 0.0 
0.0 20.0 5.0 11.0 20.0 
9.0 0.0 8.0 0.0 17.0 
19.0 22.0 0.0 1.0 12.0 
11.0 13.0 23.0 0.0 10.0 
17.0 5.0 3.0 24.0 0.0 
