0.0 22.0 13.0 4.0 24.0 
10.0 0.0 20.0 23.0 16.0 
11.0 12.0 0.0 19.0 1.0 
4.0 1.0 15.0 0.0 2.0 
5.0 18.0 14.0 19.0 0.0 
0.0 20.0 2.0 22.0 22.0 
3.0 0.0 5.0 15.0 23.0 
9.0 8.0 0.0 5.0 1.0 
22.0 20.0 23.0 0.0 24.0 
2.0 17.0 21.0 6.0 0.0 
0.0 18.0 18.0 3.0 14.0 
15.0 0.0 16.0 2.0 6.0 
6.0 9.0 0.0 11.0 12.0 
16.0 15.0 8.0 0.0 3.0 
0.0 1.0 22.0 6.0 0.0 
0.0 10.0 24.0 20.0 1.0 
20.0 0.0 11.0 5.0 14.0 
11.0 18.0 0.0 20.0 23.0 
22.0 4.0 9.0 0.0 4.0 
12.0 2.0 11.0 5.0 0.0 
0.0 15.0 3.0 15.0 9.0 
6.0 0.0 14.0 16.0 4.0 
9.0 8.0 0.0 2.0 16.0 
10.0 1.0 20.0 0.0 2.0 
17.0 19.0 2.0 21.0 0.0 
0.0 2.0 13.0 12.0 3.0 
22.0 0.0 21.0 3.0 5.0 
3.0 2.0 0.0 12.0 21.0 
22.0 2.0 17.0 0.0 11.0 
19.0 4.0 3.0 24.0 0.0 
0.0 9.0 11.0 9.0 1.0 
13.0 0.0 22.0 18.0 5.0 
0.0 16.0 0.0 20.0 10.0 
10.0 19.0 8.0 0.0 17.0 
21.0 21.0 24.0 15.0 0.0 
0.0 4.0 4.0 13.0 9.0 
7.0 0.0 16.0 3.0 1.0 
9.0 23.0 0.0 15.0 9.0 
11.0 22.0 13.0 0.0 8.0 
13.0 4.0 17.0 0.0 0.0 
0.0 7.0 22.0 9.0 16.0 
21.0 0.0 9.0 17.0 21.0 
17.0 16.0 0.0 21.0 4.0 
3.0 18.0 9.0 0.0 16.0 
12.0 17.0 13.0 4.0 0.0 
0.0 12.0 1.0 10.0 15.0 
15.0 0.0 7.0 23.0 9.0 
11.0 13.0 0.0 6.0 12.0 
4.0 17.0 17.0 0.0 1.0 
4.0 15.0 0.0 11.0 0.0 
0.0 7.0 21.0 12.0 11.0 
22.0 0.0 12.0 21.0 2.0 
22.0 6.0 0.0 10.0 9.0 
4.0 17.0 7.0 0.0 7.0 
5.0 6.0 20.0 22.0 0.0 
0.0 3.0 6.0 15.0 21.0 
12.0 0.0 18.0 16.0 24.0 
22.0 7.0 0.0 8.0 21.0 
13.0 19.0 6.0 0.0 21.0 
20.0 23.0 15.0 12.0 0.0 
