0.0 5.0 19.0 15.0 8.0 
22.0 0.0 18.0 12.0 9.0 
21.0 20.0 0.0 8.0 22.0 
16.0 1.0 6.0 0.0 16.0 
15.0 2.0 16.0 7.0 0.0 
0.0 8.0 11.0 18.0 15.0 
1.0 0.0 0.0 15.0 1.0 
22.0 22.0 0.0 12.0 20.0 
7.0 21.0 13.0 0.0 3.0 
15.0 23.0 15.0 20.0 0.0 
0.0 5.0 10.0 24.0 8.0 
23.0 0.0 4.0 12.0 11.0 
23.0 22.0 0.0 18.0 6.0 
16.0 5.0 4.0 0.0 16.0 
24.0 15.0 8.0 23.0 0.0 
0.0 18.0 16.0 10.0 6.0 
5.0 0.0 11.0 7.0 8.0 
8.0 0.0 0.0 8.0 5.0 
20.0 22.0 4.0 0.0 11.0 
6.0 0.0 12.0 7.0 0.0 
0.0 13.0 4.0 7.0 23.0 
17.0 0.0 5.0 9.0 11.0 
6.0 15.0 0.0 19.0 18.0 
9.0 1.0 1.0 0.0 15.0 
3.0 18.0 13.0 3.0 0.0 
0.0 1.0 6.0 6.0 18.0 
21.0 0.0 4.0 4.0 17.0 
6.0 21.0 0.0 1.0 22.0 
14.0 16.0 17.0 0.0 11.0 
9.0 13.0 5.0 4.0 0.0 
0.0 9.0 24.0 19.0 7.0 
19.0 0.0 22.0 1.0 10.0 
1.0 3.0 0.0 8.0 21.0 
22.0 8.0 5.0 0.0 24.0 
21.0 21.0 14.0 20.0 0.0 
0.0 9.0 6.0 16.0 3.0 
5.0 0.0 14.0 16.0 10.0 
10.0 13.0 0.0 23.0 10.0 
9.0 17.0 7.0 0.0 12.0 
12.0 4.0 15.0 10.0 0.0 
0.0 2.0 6.0 9.0 1.0 
11.0 0.0 4.0 1.0 24.0 
6.0 2.0 0.0 7.0 9.0 
19.0 11.0 24.0 0.0 8.0 
22.0 12.0 18.0 11.0 0.0 
0.0 7.0 5.0 1.0 1.0 
5.0 0.0 17.0 12.0 1.0 
9.0 4.0 0.0 11.0 12.0 
1.0 7.0 5.0 0.0 8.0 
5.0 9.0 19.0 17.0 0.0 
0.0 17.0 7.0 0.0 17.0 
4.0 0.0 15.0 6.0 19.0 
3.0 15.0 0.0 5.0 6.0 
17.0 20.0 16.0 0.0 23.0 
14.0 2.0 9.0 16.0 0.0 
0.0 15.0 12.0 24.0 1.0 
17.0 0.0 13.0 3.0 18.0 
18.0 3.0 0.0 15.0 4.0 
19.0 5.0 17.0 0.0 13.0 
16.0 23.0 1.0 4.0 0.0 
