0.0 11.0 3.0 19.0 11.0 
24.0 0.0 13.0 9.0 8.0 
23.0 12.0 0.0 24.0 14.0 
12.0 17.0 19.0 0.0 15.0 
1.0 0.0 0.0 0.0 0.0 
0.0 1.0 2.0 5.0 10.0 
22.0 0.0 3.0 18.0 8.0 
2.0 21.0 0.0 19.0 10.0 
11.0 19.0 23.0 0.0 15.0 
16.0 2.0 13.0 0.0 0.0 
0.0 3.0 24.0 21.0 21.0 
1.0 0.0 9.0 16.0 0.0 
21.0 4.0 0.0 18.0 5.0 
4.0 2.0 18.0 0.0 10.0 
7.0 24.0 4.0 11.0 0.0 
0.0 19.0 3.0 7.0 1.0 
1.0 0.0 2.0 2.0 7.0 
11.0 11.0 0.0 17.0 14.0 
14.0 14.0 0.0 0.0 24.0 
17.0 5.0 10.0 0.0 0.0 
0.0 5.0 5.0 2.0 15.0 
19.0 0.0 4.0 21.0 20.0 
18.0 2.0 0.0 14.0 7.0 
3.0 21.0 3.0 0.0 5.0 
17.0 23.0 8.0 9.0 0.0 
0.0 19.0 15.0 13.0 10.0 
14.0 0.0 11.0 3.0 10.0 
16.0 2.0 0.0 9.0 19.0 
12.0 20.0 20.0 0.0 13.0 
10.0 10.0 21.0 18.0 0.0 
0.0 18.0 17.0 2.0 3.0 
13.0 0.0 22.0 13.0 10.0 
3.0 1.0 0.0 20.0 0.0 
17.0 24.0 23.0 0.0 11.0 
8.0 22.0 1.0 17.0 0.0 
0.0 7.0 8.0 23.0 2.0 
16.0 0.0 14.0 21.0 7.0 
1.0 13.0 0.0 3.0 12.0 
0.0 12.0 15.0 0.0 2.0 
15.0 11.0 2.0 18.0 0.0 
0.0 14.0 9.0 23.0 8.0 
9.0 0.0 11.0 16.0 0.0 
14.0 20.0 0.0 6.0 15.0 
5.0 12.0 19.0 0.0 7.0 
12.0 15.0 14.0 7.0 0.0 
0.0 17.0 2.0 23.0 2.0 
8.0 0.0 17.0 2.0 0.0 
14.0 12.0 0.0 17.0 17.0 
13.0 13.0 24.0 0.0 13.0 
19.0 6.0 2.0 4.0 0.0 
0.0 1.0 17.0 13.0 20.0 
19.0 0.0 4.0 6.0 17.0 
5.0 24.0 0.0 5.0 17.0 
11.0 16.0 12.0 0.0 17.0 
13.0 7.0 0.0 3.0 0.0 
0.0 4.0 5.0 22.0 23.0 
15.0 0.0 6.0 5.0 24.0 
20.0 19.0 0.0 1.0 19.0 
8.0 24.0 17.0 0.0 5.0 
18.0 24.0 0.0 8.0 0.0 
