0.0 11.0 11.0 13.0 22.0 
12.0 0.0 16.0 24.0 7.0 
10.0 14.0 0.0 6.0 0.0 
16.0 3.0 11.0 0.0 12.0 
13.0 12.0 23.0 1.0 0.0 
0.0 4.0 2.0 5.0 15.0 
20.0 0.0 8.0 2.0 2.0 
9.0 18.0 0.0 23.0 22.0 
5.0 0.0 2.0 0.0 24.0 
22.0 17.0 5.0 9.0 0.0 
0.0 14.0 11.0 6.0 14.0 
12.0 0.0 15.0 7.0 12.0 
3.0 4.0 0.0 10.0 12.0 
19.0 6.0 16.0 0.0 8.0 
22.0 15.0 6.0 10.0 0.0 
0.0 12.0 0.0 10.0 3.0 
11.0 0.0 21.0 2.0 16.0 
14.0 11.0 0.0 7.0 14.0 
24.0 8.0 13.0 0.0 19.0 
23.0 14.0 4.0 4.0 0.0 
0.0 0.0 3.0 4.0 18.0 
13.0 0.0 10.0 23.0 13.0 
19.0 21.0 0.0 0.0 3.0 
14.0 5.0 15.0 0.0 9.0 
5.0 20.0 23.0 5.0 0.0 
0.0 12.0 2.0 2.0 11.0 
23.0 0.0 11.0 12.0 17.0 
4.0 9.0 0.0 1.0 14.0 
18.0 9.0 9.0 0.0 17.0 
2.0 2.0 23.0 24.0 0.0 
0.0 8.0 13.0 11.0 22.0 
7.0 0.0 3.0 18.0 17.0 
10.0 10.0 0.0 0.0 2.0 
20.0 23.0 16.0 0.0 13.0 
20.0 21.0 4.0 18.0 0.0 
0.0 21.0 16.0 11.0 6.0 
1.0 0.0 4.0 0.0 6.0 
13.0 22.0 0.0 20.0 3.0 
4.0 4.0 1.0 0.0 11.0 
5.0 18.0 14.0 21.0 0.0 
0.0 6.0 1.0 19.0 19.0 
8.0 0.0 4.0 18.0 3.0 
1.0 8.0 0.0 10.0 1.0 
9.0 22.0 9.0 0.0 14.0 
19.0 11.0 0.0 11.0 0.0 
0.0 7.0 16.0 3.0 12.0 
10.0 0.0 19.0 5.0 16.0 
14.0 13.0 0.0 5.0 20.0 
3.0 21.0 14.0 0.0 15.0 
11.0 11.0 11.0 3.0 0.0 
0.0 4.0 9.0 15.0 0.0 
11.0 0.0 14.0 9.0 9.0 
15.0 22.0 0.0 19.0 11.0 
1.0 22.0 1.0 0.0 1.0 
24.0 18.0 21.0 24.0 0.0 
0.0 20.0 16.0 1.0 11.0 
10.0 0.0 8.0 24.0 14.0 
0.0 23.0 0.0 15.0 17.0 
1.0 8.0 1.0 0.0 4.0 
7.0 15.0 6.0 21.0 0.0 
