0.0 20.0 4.0 18.0 1.0 
22.0 0.0 1.0 18.0 21.0 
9.0 16.0 0.0 11.0 15.0 
24.0 24.0 20.0 0.0 16.0 
18.0 23.0 8.0 4.0 0.0 
0.0 6.0 18.0 16.0 10.0 
3.0 0.0 21.0 0.0 12.0 
23.0 17.0 0.0 6.0 2.0 
0.0 21.0 0.0 0.0 11.0 
23.0 24.0 18.0 10.0 0.0 
0.0 17.0 19.0 17.0 9.0 
7.0 0.0 23.0 6.0 14.0 
14.0 1.0 0.0 12.0 23.0 
5.0 1.0 1.0 0.0 20.0 
3.0 4.0 2.0 8.0 0.0 
0.0 15.0 22.0 20.0 11.0 
9.0 0.0 24.0 2.0 24.0 
23.0 14.0 0.0 24.0 11.0 
15.0 21.0 23.0 0.0 10.0 
3.0 8.0 7.0 21.0 0.0 
0.0 3.0 2.0 1.0 0.0 
24.0 0.0 22.0 17.0 14.0 
4.0 21.0 0.0 7.0 17.0 
2.0 10.0 11.0 0.0 19.0 
22.0 12.0 23.0 24.0 0.0 
0.0 7.0 23.0 22.0 12.0 
4.0 0.0 12.0 24.0 5.0 
0.0 22.0 0.0 13.0 2.0 
18.0 1.0 17.0 0.0 5.0 
0.0 19.0 24.0 8.0 0.0 
0.0 23.0 0.0 24.0 23.0 
14.0 0.0 1.0 10.0 22.0 
13.0 13.0 0.0 21.0 12.0 
7.0 23.0 11.0 0.0 15.0 
6.0 14.0 12.0 9.0 0.0 
0.0 11.0 19.0 4.0 19.0 
17.0 0.0 4.0 24.0 2.0 
3.0 7.0 0.0 20.0 18.0 
13.0 23.0 3.0 0.0 5.0 
15.0 19.0 22.0 16.0 0.0 
0.0 11.0 16.0 2.0 4.0 
1.0 0.0 17.0 6.0 17.0 
21.0 11.0 0.0 17.0 17.0 
20.0 6.0 7.0 0.0 6.0 
16.0 23.0 1.0 20.0 0.0 
0.0 13.0 16.0 4.0 6.0 
18.0 0.0 14.0 17.0 15.0 
24.0 21.0 0.0 0.0 17.0 
9.0 5.0 11.0 0.0 6.0 
15.0 14.0 19.0 18.0 0.0 
0.0 18.0 17.0 20.0 2.0 
4.0 0.0 0.0 14.0 20.0 
0.0 2.0 0.0 20.0 18.0 
11.0 11.0 24.0 0.0 19.0 
11.0 17.0 11.0 12.0 0.0 
0.0 17.0 5.0 10.0 17.0 
19.0 0.0 14.0 8.0 11.0 
6.0 2.0 0.0 19.0 2.0 
5.0 24.0 20.0 0.0 3.0 
10.0 21.0 23.0 1.0 0.0 
