0.0 23.0 14.0 2.0 16.0 
1.0 0.0 18.0 9.0 0.0 
21.0 6.0 0.0 10.0 6.0 
16.0 2.0 19.0 0.0 17.0 
1.0 11.0 2.0 18.0 0.0 
0.0 11.0 3.0 13.0 14.0 
5.0 0.0 20.0 19.0 24.0 
21.0 13.0 0.0 8.0 13.0 
8.0 1.0 11.0 0.0 14.0 
11.0 7.0 16.0 1.0 0.0 
0.0 12.0 8.0 8.0 9.0 
7.0 0.0 17.0 24.0 15.0 
5.0 8.0 0.0 19.0 22.0 
5.0 4.0 2.0 0.0 3.0 
19.0 6.0 9.0 19.0 0.0 
0.0 20.0 7.0 18.0 22.0 
12.0 0.0 2.0 23.0 10.0 
22.0 12.0 0.0 7.0 21.0 
7.0 10.0 1.0 0.0 0.0 
12.0 14.0 16.0 2.0 0.0 
0.0 19.0 22.0 13.0 20.0 
13.0 0.0 3.0 21.0 23.0 
4.0 6.0 0.0 16.0 23.0 
17.0 21.0 17.0 0.0 11.0 
14.0 4.0 22.0 3.0 0.0 
0.0 8.0 20.0 19.0 23.0 
9.0 0.0 21.0 21.0 7.0 
14.0 23.0 0.0 12.0 4.0 
7.0 20.0 4.0 0.0 1.0 
10.0 12.0 1.0 18.0 0.0 
0.0 12.0 16.0 22.0 19.0 
4.0 0.0 7.0 15.0 20.0 
4.0 12.0 0.0 1.0 7.0 
18.0 16.0 24.0 0.0 21.0 
10.0 20.0 23.0 16.0 0.0 
0.0 24.0 4.0 12.0 0.0 
7.0 0.0 9.0 20.0 24.0 
1.0 5.0 0.0 1.0 0.0 
16.0 4.0 16.0 0.0 8.0 
18.0 22.0 15.0 10.0 0.0 
0.0 2.0 11.0 12.0 3.0 
3.0 0.0 24.0 24.0 6.0 
16.0 3.0 0.0 17.0 1.0 
7.0 10.0 23.0 0.0 11.0 
12.0 23.0 17.0 13.0 0.0 
0.0 6.0 15.0 13.0 10.0 
5.0 0.0 22.0 3.0 14.0 
14.0 9.0 0.0 10.0 20.0 
7.0 21.0 8.0 0.0 16.0 
14.0 2.0 12.0 20.0 0.0 
0.0 22.0 18.0 24.0 22.0 
7.0 0.0 10.0 22.0 18.0 
12.0 14.0 0.0 11.0 15.0 
3.0 13.0 21.0 0.0 7.0 
8.0 15.0 24.0 8.0 0.0 
0.0 1.0 2.0 22.0 4.0 
3.0 0.0 20.0 0.0 0.0 
18.0 21.0 0.0 3.0 12.0 
18.0 11.0 7.0 0.0 12.0 
11.0 13.0 8.0 23.0 0.0 
