0.0 19.0 21.0 14.0 18.0 
14.0 0.0 23.0 18.0 20.0 
20.0 14.0 0.0 18.0 13.0 
14.0 18.0 22.0 0.0 17.0 
9.0 12.0 6.0 0.0 0.0 
0.0 0.0 19.0 14.0 15.0 
10.0 0.0 10.0 7.0 17.0 
19.0 0.0 0.0 13.0 20.0 
22.0 16.0 16.0 0.0 7.0 
21.0 2.0 18.0 15.0 0.0 
0.0 17.0 22.0 24.0 17.0 
5.0 0.0 5.0 3.0 2.0 
20.0 11.0 0.0 24.0 4.0 
20.0 22.0 15.0 0.0 19.0 
7.0 10.0 9.0 13.0 0.0 
0.0 12.0 12.0 8.0 10.0 
20.0 0.0 2.0 0.0 23.0 
16.0 24.0 0.0 20.0 20.0 
13.0 5.0 5.0 0.0 12.0 
11.0 2.0 13.0 19.0 0.0 
0.0 14.0 4.0 7.0 14.0 
22.0 0.0 20.0 11.0 22.0 
7.0 5.0 0.0 20.0 21.0 
21.0 7.0 1.0 0.0 11.0 
10.0 19.0 13.0 17.0 0.0 
0.0 11.0 23.0 15.0 1.0 
2.0 0.0 10.0 10.0 23.0 
16.0 14.0 0.0 9.0 17.0 
18.0 21.0 9.0 0.0 9.0 
12.0 17.0 14.0 8.0 0.0 
0.0 7.0 7.0 22.0 23.0 
12.0 0.0 22.0 18.0 6.0 
14.0 11.0 0.0 6.0 18.0 
16.0 21.0 24.0 0.0 15.0 
2.0 23.0 9.0 13.0 0.0 
0.0 2.0 7.0 19.0 20.0 
4.0 0.0 16.0 13.0 23.0 
8.0 20.0 0.0 23.0 17.0 
4.0 10.0 2.0 0.0 9.0 
4.0 18.0 8.0 17.0 0.0 
0.0 15.0 14.0 5.0 14.0 
7.0 0.0 20.0 13.0 7.0 
23.0 19.0 0.0 7.0 11.0 
9.0 12.0 1.0 0.0 4.0 
24.0 4.0 8.0 2.0 0.0 
0.0 2.0 24.0 4.0 0.0 
0.0 0.0 22.0 13.0 10.0 
8.0 10.0 0.0 22.0 2.0 
0.0 7.0 9.0 0.0 3.0 
14.0 21.0 4.0 9.0 0.0 
0.0 15.0 2.0 0.0 12.0 
3.0 0.0 15.0 3.0 7.0 
8.0 4.0 0.0 23.0 0.0 
10.0 5.0 23.0 0.0 3.0 
4.0 11.0 23.0 17.0 0.0 
0.0 10.0 22.0 23.0 2.0 
6.0 0.0 3.0 7.0 6.0 
21.0 14.0 0.0 11.0 21.0 
5.0 17.0 24.0 0.0 11.0 
11.0 12.0 9.0 11.0 0.0 
