0.0 6.0 12.0 7.0 24.0 
16.0 0.0 11.0 23.0 6.0 
13.0 0.0 0.0 9.0 2.0 
21.0 17.0 24.0 0.0 24.0 
5.0 10.0 6.0 19.0 0.0 
0.0 23.0 10.0 4.0 3.0 
12.0 0.0 4.0 17.0 6.0 
10.0 21.0 0.0 13.0 1.0 
21.0 4.0 12.0 0.0 3.0 
1.0 8.0 4.0 15.0 0.0 
0.0 24.0 6.0 3.0 8.0 
6.0 0.0 19.0 10.0 6.0 
18.0 23.0 0.0 9.0 19.0 
16.0 11.0 8.0 0.0 20.0 
17.0 16.0 6.0 7.0 0.0 
0.0 14.0 18.0 19.0 13.0 
24.0 0.0 6.0 6.0 9.0 
11.0 16.0 0.0 21.0 17.0 
21.0 14.0 15.0 0.0 24.0 
14.0 20.0 16.0 0.0 0.0 
0.0 23.0 12.0 7.0 22.0 
23.0 0.0 21.0 17.0 16.0 
12.0 15.0 0.0 9.0 23.0 
11.0 19.0 2.0 0.0 4.0 
1.0 22.0 4.0 18.0 0.0 
0.0 18.0 17.0 0.0 16.0 
8.0 0.0 19.0 21.0 4.0 
2.0 24.0 0.0 9.0 12.0 
19.0 23.0 23.0 0.0 2.0 
15.0 9.0 22.0 16.0 0.0 
0.0 11.0 6.0 24.0 17.0 
3.0 0.0 19.0 15.0 14.0 
21.0 17.0 0.0 7.0 8.0 
5.0 9.0 13.0 0.0 4.0 
22.0 9.0 21.0 1.0 0.0 
0.0 13.0 16.0 20.0 20.0 
19.0 0.0 24.0 6.0 12.0 
6.0 3.0 0.0 18.0 24.0 
5.0 9.0 13.0 0.0 23.0 
20.0 6.0 16.0 12.0 0.0 
0.0 8.0 19.0 3.0 2.0 
6.0 0.0 15.0 23.0 9.0 
11.0 22.0 0.0 6.0 4.0 
14.0 2.0 14.0 0.0 24.0 
20.0 12.0 14.0 10.0 0.0 
0.0 21.0 4.0 6.0 1.0 
17.0 0.0 5.0 24.0 11.0 
15.0 9.0 0.0 5.0 20.0 
20.0 18.0 18.0 0.0 13.0 
7.0 7.0 1.0 8.0 0.0 
0.0 18.0 2.0 8.0 19.0 
17.0 0.0 1.0 8.0 7.0 
17.0 23.0 0.0 8.0 14.0 
7.0 11.0 23.0 0.0 17.0 
13.0 6.0 2.0 0.0 0.0 
0.0 20.0 7.0 1.0 18.0 
5.0 0.0 20.0 20.0 19.0 
4.0 18.0 0.0 2.0 3.0 
0.0 16.0 22.0 0.0 1.0 
20.0 6.0 16.0 11.0 0.0 
