0.0 17.0 3.0 20.0 13.0 
2.0 0.0 11.0 8.0 3.0 
18.0 11.0 0.0 3.0 12.0 
16.0 14.0 3.0 0.0 8.0 
17.0 14.0 24.0 0.0 0.0 
0.0 6.0 20.0 0.0 3.0 
21.0 0.0 21.0 13.0 24.0 
21.0 7.0 0.0 16.0 24.0 
23.0 1.0 2.0 0.0 23.0 
11.0 18.0 4.0 20.0 0.0 
0.0 12.0 23.0 23.0 5.0 
2.0 0.0 6.0 5.0 6.0 
15.0 11.0 0.0 9.0 7.0 
16.0 21.0 3.0 0.0 8.0 
18.0 24.0 20.0 21.0 0.0 
0.0 9.0 15.0 19.0 6.0 
17.0 0.0 10.0 10.0 19.0 
8.0 20.0 0.0 23.0 13.0 
2.0 13.0 21.0 0.0 9.0 
18.0 2.0 15.0 2.0 0.0 
0.0 5.0 6.0 17.0 9.0 
2.0 0.0 6.0 1.0 19.0 
9.0 1.0 0.0 6.0 9.0 
15.0 8.0 6.0 0.0 9.0 
9.0 21.0 0.0 8.0 0.0 
0.0 16.0 3.0 3.0 22.0 
19.0 0.0 7.0 0.0 11.0 
22.0 22.0 0.0 24.0 15.0 
17.0 24.0 18.0 0.0 0.0 
19.0 4.0 10.0 23.0 0.0 
0.0 17.0 2.0 8.0 5.0 
21.0 0.0 14.0 13.0 5.0 
10.0 7.0 0.0 9.0 22.0 
16.0 5.0 20.0 0.0 10.0 
9.0 15.0 5.0 23.0 0.0 
0.0 2.0 22.0 24.0 23.0 
19.0 0.0 5.0 10.0 9.0 
1.0 8.0 0.0 9.0 13.0 
16.0 23.0 1.0 0.0 16.0 
11.0 4.0 24.0 16.0 0.0 
0.0 12.0 1.0 4.0 0.0 
16.0 0.0 21.0 22.0 13.0 
22.0 2.0 0.0 7.0 18.0 
7.0 17.0 5.0 0.0 8.0 
21.0 10.0 19.0 11.0 0.0 
0.0 4.0 21.0 22.0 5.0 
21.0 0.0 24.0 8.0 14.0 
6.0 12.0 0.0 0.0 0.0 
7.0 3.0 15.0 0.0 24.0 
24.0 3.0 16.0 10.0 0.0 
0.0 8.0 12.0 12.0 0.0 
18.0 0.0 12.0 21.0 6.0 
2.0 12.0 0.0 4.0 24.0 
10.0 17.0 10.0 0.0 1.0 
7.0 19.0 7.0 5.0 0.0 
0.0 1.0 7.0 12.0 23.0 
6.0 0.0 20.0 24.0 24.0 
24.0 13.0 0.0 13.0 23.0 
22.0 5.0 5.0 0.0 24.0 
22.0 17.0 19.0 16.0 0.0 
