0.0 19.0 4.0 9.0 22.0 
21.0 0.0 5.0 17.0 3.0 
0.0 8.0 0.0 21.0 9.0 
17.0 23.0 9.0 0.0 12.0 
19.0 4.0 0.0 23.0 0.0 
0.0 4.0 21.0 16.0 13.0 
19.0 0.0 15.0 14.0 5.0 
16.0 2.0 0.0 3.0 11.0 
23.0 13.0 20.0 0.0 14.0 
11.0 14.0 3.0 5.0 0.0 
0.0 18.0 17.0 19.0 21.0 
15.0 0.0 8.0 13.0 19.0 
13.0 23.0 0.0 0.0 13.0 
4.0 10.0 24.0 0.0 16.0 
24.0 11.0 16.0 6.0 0.0 
0.0 23.0 2.0 7.0 10.0 
24.0 0.0 3.0 1.0 16.0 
14.0 12.0 0.0 5.0 23.0 
24.0 14.0 13.0 0.0 0.0 
8.0 2.0 13.0 7.0 0.0 
0.0 10.0 5.0 7.0 10.0 
10.0 0.0 20.0 3.0 5.0 
8.0 15.0 0.0 0.0 8.0 
20.0 12.0 9.0 0.0 23.0 
0.0 15.0 1.0 8.0 0.0 
0.0 19.0 14.0 14.0 3.0 
21.0 0.0 23.0 21.0 12.0 
2.0 3.0 0.0 5.0 23.0 
14.0 22.0 1.0 0.0 2.0 
24.0 19.0 17.0 8.0 0.0 
0.0 1.0 16.0 14.0 23.0 
10.0 0.0 0.0 2.0 15.0 
10.0 0.0 0.0 22.0 4.0 
13.0 1.0 18.0 0.0 21.0 
7.0 23.0 7.0 20.0 0.0 
0.0 14.0 7.0 23.0 11.0 
3.0 0.0 12.0 18.0 20.0 
10.0 24.0 0.0 11.0 24.0 
9.0 2.0 10.0 0.0 18.0 
20.0 22.0 16.0 4.0 0.0 
0.0 0.0 6.0 12.0 11.0 
10.0 0.0 14.0 19.0 6.0 
13.0 16.0 0.0 6.0 17.0 
15.0 3.0 4.0 0.0 22.0 
21.0 19.0 19.0 23.0 0.0 
0.0 24.0 20.0 16.0 11.0 
1.0 0.0 14.0 21.0 20.0 
13.0 0.0 0.0 3.0 21.0 
20.0 15.0 5.0 0.0 2.0 
13.0 13.0 15.0 13.0 0.0 
0.0 18.0 18.0 17.0 23.0 
15.0 0.0 10.0 23.0 14.0 
20.0 11.0 0.0 18.0 2.0 
15.0 0.0 6.0 0.0 12.0 
13.0 8.0 22.0 19.0 0.0 
0.0 1.0 14.0 14.0 0.0 
4.0 0.0 4.0 3.0 20.0 
3.0 3.0 0.0 22.0 20.0 
6.0 7.0 2.0 0.0 12.0 
1.0 16.0 22.0 5.0 0.0 
