0.0 18.0 15.0 15.0 16.0 
17.0 0.0 11.0 2.0 24.0 
4.0 24.0 0.0 4.0 14.0 
23.0 8.0 13.0 0.0 16.0 
2.0 13.0 15.0 24.0 0.0 
0.0 3.0 9.0 9.0 7.0 
16.0 0.0 22.0 5.0 24.0 
16.0 8.0 0.0 17.0 9.0 
9.0 13.0 11.0 0.0 6.0 
18.0 8.0 17.0 23.0 0.0 
0.0 2.0 4.0 24.0 5.0 
10.0 0.0 13.0 19.0 21.0 
22.0 23.0 0.0 14.0 12.0 
6.0 8.0 14.0 0.0 12.0 
13.0 18.0 2.0 15.0 0.0 
0.0 13.0 7.0 13.0 2.0 
12.0 0.0 13.0 21.0 21.0 
12.0 24.0 0.0 19.0 19.0 
23.0 8.0 14.0 0.0 7.0 
11.0 18.0 22.0 6.0 0.0 
0.0 13.0 16.0 10.0 10.0 
15.0 0.0 24.0 24.0 3.0 
19.0 12.0 0.0 22.0 12.0 
15.0 16.0 15.0 0.0 8.0 
16.0 8.0 17.0 13.0 0.0 
0.0 9.0 2.0 21.0 9.0 
6.0 0.0 15.0 3.0 1.0 
16.0 24.0 0.0 14.0 15.0 
17.0 17.0 5.0 0.0 5.0 
6.0 6.0 23.0 18.0 0.0 
0.0 12.0 14.0 22.0 16.0 
1.0 0.0 0.0 3.0 15.0 
17.0 16.0 0.0 21.0 9.0 
7.0 14.0 24.0 0.0 8.0 
14.0 6.0 8.0 14.0 0.0 
0.0 18.0 10.0 1.0 16.0 
8.0 0.0 24.0 21.0 6.0 
24.0 5.0 0.0 10.0 22.0 
17.0 23.0 5.0 0.0 18.0 
13.0 5.0 4.0 5.0 0.0 
0.0 19.0 0.0 9.0 16.0 
23.0 0.0 5.0 17.0 12.0 
0.0 12.0 0.0 17.0 4.0 
19.0 24.0 7.0 0.0 20.0 
9.0 19.0 2.0 14.0 0.0 
0.0 11.0 9.0 13.0 7.0 
2.0 0.0 2.0 19.0 13.0 
10.0 4.0 0.0 2.0 20.0 
21.0 21.0 24.0 0.0 0.0 
1.0 2.0 11.0 7.0 0.0 
0.0 17.0 15.0 15.0 6.0 
18.0 0.0 4.0 16.0 23.0 
2.0 22.0 0.0 21.0 16.0 
5.0 7.0 5.0 0.0 1.0 
23.0 16.0 6.0 9.0 0.0 
0.0 9.0 11.0 1.0 12.0 
15.0 0.0 18.0 0.0 19.0 
17.0 17.0 0.0 0.0 8.0 
18.0 21.0 24.0 0.0 14.0 
13.0 10.0 20.0 14.0 0.0 
