0.0 24.0 24.0 4.0 12.0 
8.0 0.0 22.0 4.0 9.0 
18.0 1.0 0.0 0.0 0.0 
4.0 18.0 10.0 0.0 9.0 
21.0 9.0 9.0 21.0 0.0 
0.0 7.0 17.0 9.0 19.0 
24.0 0.0 10.0 21.0 19.0 
15.0 0.0 0.0 2.0 3.0 
9.0 24.0 3.0 0.0 14.0 
17.0 21.0 8.0 0.0 0.0 
0.0 1.0 23.0 16.0 10.0 
10.0 0.0 0.0 4.0 0.0 
4.0 20.0 0.0 12.0 16.0 
22.0 11.0 16.0 0.0 24.0 
8.0 10.0 1.0 1.0 0.0 
0.0 19.0 24.0 1.0 24.0 
3.0 0.0 15.0 17.0 14.0 
24.0 11.0 0.0 23.0 15.0 
19.0 20.0 21.0 0.0 14.0 
15.0 19.0 17.0 24.0 0.0 
0.0 23.0 19.0 2.0 17.0 
23.0 0.0 12.0 3.0 9.0 
17.0 3.0 0.0 22.0 13.0 
22.0 0.0 17.0 0.0 21.0 
18.0 8.0 4.0 19.0 0.0 
0.0 5.0 6.0 13.0 1.0 
8.0 0.0 0.0 23.0 21.0 
13.0 8.0 0.0 1.0 21.0 
4.0 24.0 13.0 0.0 24.0 
23.0 18.0 7.0 1.0 0.0 
0.0 11.0 8.0 23.0 20.0 
3.0 0.0 0.0 12.0 21.0 
12.0 21.0 0.0 10.0 24.0 
24.0 14.0 3.0 0.0 10.0 
17.0 7.0 21.0 0.0 0.0 
0.0 16.0 13.0 18.0 14.0 
18.0 0.0 19.0 22.0 11.0 
7.0 22.0 0.0 11.0 13.0 
20.0 6.0 23.0 0.0 15.0 
12.0 13.0 24.0 3.0 0.0 
0.0 7.0 9.0 12.0 8.0 
2.0 0.0 17.0 2.0 15.0 
3.0 20.0 0.0 9.0 19.0 
3.0 11.0 4.0 0.0 14.0 
11.0 14.0 11.0 5.0 0.0 
0.0 2.0 18.0 22.0 12.0 
18.0 0.0 21.0 1.0 4.0 
9.0 19.0 0.0 13.0 22.0 
0.0 1.0 3.0 0.0 4.0 
14.0 10.0 6.0 9.0 0.0 
0.0 23.0 1.0 9.0 12.0 
21.0 0.0 0.0 6.0 23.0 
15.0 19.0 0.0 14.0 18.0 
7.0 24.0 3.0 0.0 23.0 
4.0 12.0 20.0 5.0 0.0 
0.0 8.0 24.0 1.0 4.0 
13.0 0.0 14.0 3.0 11.0 
6.0 14.0 0.0 10.0 21.0 
21.0 24.0 3.0 0.0 17.0 
15.0 24.0 1.0 23.0 0.0 
