0.0 3.0 8.0 0.0 21.0 
1.0 0.0 20.0 20.0 24.0 
18.0 6.0 0.0 0.0 22.0 
10.0 24.0 8.0 0.0 11.0 
17.0 21.0 24.0 14.0 0.0 
0.0 16.0 8.0 3.0 1.0 
11.0 0.0 17.0 5.0 18.0 
15.0 20.0 0.0 0.0 3.0 
11.0 20.0 2.0 0.0 23.0 
22.0 21.0 3.0 15.0 0.0 
0.0 10.0 13.0 21.0 14.0 
10.0 0.0 14.0 9.0 8.0 
4.0 20.0 0.0 8.0 13.0 
19.0 23.0 20.0 0.0 19.0 
8.0 16.0 13.0 19.0 0.0 
0.0 19.0 21.0 14.0 12.0 
3.0 0.0 14.0 6.0 1.0 
0.0 20.0 0.0 14.0 6.0 
7.0 1.0 19.0 0.0 20.0 
18.0 19.0 2.0 5.0 0.0 
0.0 6.0 22.0 21.0 11.0 
3.0 0.0 2.0 24.0 10.0 
9.0 12.0 0.0 20.0 3.0 
20.0 5.0 6.0 0.0 19.0 
22.0 11.0 13.0 6.0 0.0 
0.0 9.0 20.0 4.0 7.0 
19.0 0.0 1.0 0.0 16.0 
19.0 0.0 0.0 16.0 21.0 
1.0 23.0 9.0 0.0 17.0 
6.0 1.0 6.0 14.0 0.0 
0.0 13.0 0.0 12.0 5.0 
16.0 0.0 9.0 2.0 19.0 
15.0 15.0 0.0 16.0 17.0 
11.0 0.0 9.0 0.0 3.0 
19.0 23.0 11.0 8.0 0.0 
0.0 8.0 6.0 15.0 5.0 
12.0 0.0 3.0 7.0 4.0 
14.0 13.0 0.0 20.0 16.0 
15.0 14.0 24.0 0.0 13.0 
9.0 7.0 10.0 24.0 0.0 
0.0 17.0 14.0 2.0 11.0 
7.0 0.0 3.0 16.0 17.0 
13.0 23.0 0.0 9.0 8.0 
3.0 16.0 20.0 0.0 0.0 
22.0 13.0 7.0 20.0 0.0 
0.0 18.0 15.0 17.0 7.0 
3.0 0.0 15.0 10.0 7.0 
17.0 12.0 0.0 12.0 14.0 
10.0 1.0 21.0 0.0 1.0 
21.0 24.0 0.0 22.0 0.0 
0.0 18.0 3.0 8.0 22.0 
6.0 0.0 16.0 24.0 8.0 
11.0 6.0 0.0 11.0 0.0 
19.0 7.0 20.0 0.0 4.0 
16.0 4.0 23.0 7.0 0.0 
0.0 1.0 10.0 13.0 23.0 
16.0 0.0 22.0 22.0 14.0 
15.0 4.0 0.0 3.0 17.0 
11.0 4.0 15.0 0.0 6.0 
16.0 23.0 4.0 2.0 0.0 
