0.0 24.0 4.0 16.0 18.0 
1.0 0.0 21.0 7.0 8.0 
13.0 24.0 0.0 21.0 21.0 
9.0 18.0 9.0 0.0 20.0 
15.0 15.0 20.0 13.0 0.0 
0.0 3.0 19.0 23.0 3.0 
0.0 0.0 12.0 11.0 24.0 
14.0 0.0 0.0 13.0 22.0 
2.0 20.0 6.0 0.0 5.0 
10.0 12.0 1.0 8.0 0.0 
0.0 11.0 8.0 13.0 20.0 
0.0 0.0 12.0 23.0 24.0 
22.0 12.0 0.0 1.0 3.0 
21.0 7.0 5.0 0.0 17.0 
11.0 19.0 23.0 6.0 0.0 
0.0 12.0 10.0 22.0 1.0 
15.0 0.0 24.0 22.0 11.0 
15.0 15.0 0.0 7.0 10.0 
12.0 9.0 2.0 0.0 17.0 
3.0 4.0 5.0 5.0 0.0 
0.0 10.0 10.0 20.0 3.0 
21.0 0.0 7.0 5.0 9.0 
19.0 8.0 0.0 24.0 11.0 
23.0 9.0 5.0 0.0 21.0 
19.0 19.0 18.0 13.0 0.0 
0.0 10.0 15.0 2.0 18.0 
15.0 0.0 4.0 24.0 16.0 
22.0 22.0 0.0 15.0 0.0 
8.0 8.0 20.0 0.0 8.0 
24.0 10.0 24.0 20.0 0.0 
0.0 8.0 22.0 22.0 22.0 
6.0 0.0 20.0 22.0 15.0 
2.0 7.0 0.0 24.0 18.0 
18.0 15.0 18.0 0.0 17.0 
15.0 10.0 21.0 17.0 0.0 
0.0 16.0 22.0 18.0 5.0 
13.0 0.0 11.0 7.0 24.0 
21.0 14.0 0.0 0.0 8.0 
18.0 11.0 0.0 0.0 12.0 
7.0 13.0 13.0 8.0 0.0 
0.0 1.0 15.0 10.0 3.0 
3.0 0.0 12.0 15.0 19.0 
12.0 23.0 0.0 4.0 18.0 
3.0 17.0 9.0 0.0 9.0 
17.0 11.0 21.0 15.0 0.0 
0.0 10.0 20.0 3.0 0.0 
14.0 0.0 21.0 18.0 14.0 
16.0 22.0 0.0 6.0 14.0 
9.0 24.0 7.0 0.0 7.0 
6.0 11.0 6.0 11.0 0.0 
0.0 15.0 17.0 3.0 7.0 
3.0 0.0 15.0 24.0 21.0 
23.0 8.0 0.0 21.0 5.0 
22.0 3.0 13.0 0.0 14.0 
15.0 18.0 3.0 18.0 0.0 
0.0 5.0 9.0 12.0 5.0 
10.0 0.0 0.0 8.0 16.0 
1.0 3.0 0.0 14.0 3.0 
11.0 9.0 19.0 0.0 11.0 
20.0 19.0 8.0 11.0 0.0 
