0.0 19.0 11.0 9.0 4.0 
4.0 0.0 9.0 7.0 11.0 
13.0 14.0 0.0 16.0 15.0 
2.0 19.0 11.0 0.0 17.0 
15.0 1.0 13.0 15.0 0.0 
0.0 11.0 14.0 17.0 8.0 
3.0 0.0 7.0 10.0 17.0 
16.0 11.0 0.0 17.0 13.0 
10.0 24.0 15.0 0.0 14.0 
24.0 9.0 21.0 18.0 0.0 
0.0 14.0 13.0 24.0 11.0 
12.0 0.0 0.0 3.0 8.0 
13.0 4.0 0.0 17.0 24.0 
5.0 19.0 4.0 0.0 11.0 
4.0 9.0 22.0 20.0 0.0 
0.0 9.0 21.0 9.0 4.0 
10.0 0.0 24.0 21.0 9.0 
14.0 18.0 0.0 8.0 3.0 
1.0 21.0 3.0 0.0 7.0 
3.0 20.0 19.0 19.0 0.0 
0.0 0.0 9.0 8.0 22.0 
15.0 0.0 0.0 11.0 19.0 
9.0 13.0 0.0 5.0 5.0 
2.0 9.0 13.0 0.0 8.0 
20.0 17.0 6.0 24.0 0.0 
0.0 1.0 19.0 12.0 9.0 
23.0 0.0 10.0 20.0 15.0 
8.0 2.0 0.0 4.0 9.0 
11.0 22.0 7.0 0.0 3.0 
13.0 0.0 10.0 15.0 0.0 
0.0 22.0 5.0 3.0 5.0 
0.0 0.0 18.0 18.0 22.0 
24.0 21.0 0.0 17.0 20.0 
12.0 15.0 13.0 0.0 0.0 
17.0 24.0 9.0 14.0 0.0 
0.0 18.0 7.0 1.0 18.0 
11.0 0.0 16.0 22.0 4.0 
23.0 16.0 0.0 20.0 12.0 
18.0 18.0 7.0 0.0 1.0 
10.0 16.0 4.0 5.0 0.0 
0.0 6.0 5.0 14.0 9.0 
3.0 0.0 19.0 8.0 15.0 
21.0 6.0 0.0 19.0 23.0 
0.0 4.0 9.0 0.0 21.0 
0.0 11.0 1.0 16.0 0.0 
0.0 14.0 16.0 3.0 17.0 
16.0 0.0 10.0 3.0 14.0 
16.0 6.0 0.0 22.0 22.0 
4.0 15.0 19.0 0.0 7.0 
8.0 22.0 24.0 8.0 0.0 
0.0 6.0 3.0 24.0 1.0 
0.0 0.0 13.0 15.0 5.0 
14.0 18.0 0.0 10.0 19.0 
8.0 19.0 13.0 0.0 9.0 
21.0 16.0 20.0 18.0 0.0 
0.0 20.0 20.0 5.0 22.0 
16.0 0.0 9.0 7.0 13.0 
17.0 1.0 0.0 5.0 13.0 
10.0 2.0 3.0 0.0 0.0 
9.0 14.0 3.0 9.0 0.0 
