0.0 17.0 21.0 17.0 2.0 
15.0 0.0 24.0 22.0 5.0 
10.0 5.0 0.0 7.0 2.0 
18.0 24.0 21.0 0.0 23.0 
19.0 0.0 18.0 4.0 0.0 
0.0 20.0 20.0 6.0 22.0 
20.0 0.0 14.0 24.0 11.0 
4.0 19.0 0.0 11.0 14.0 
21.0 10.0 19.0 0.0 8.0 
18.0 2.0 7.0 16.0 0.0 
0.0 19.0 17.0 17.0 17.0 
15.0 0.0 24.0 14.0 23.0 
23.0 11.0 0.0 13.0 10.0 
21.0 10.0 1.0 0.0 6.0 
14.0 17.0 13.0 19.0 0.0 
0.0 8.0 0.0 4.0 22.0 
13.0 0.0 14.0 5.0 0.0 
3.0 17.0 0.0 11.0 23.0 
24.0 18.0 23.0 0.0 5.0 
17.0 0.0 16.0 2.0 0.0 
0.0 24.0 22.0 5.0 12.0 
5.0 0.0 10.0 22.0 24.0 
20.0 17.0 0.0 23.0 16.0 
14.0 14.0 0.0 0.0 0.0 
16.0 20.0 1.0 23.0 0.0 
0.0 2.0 1.0 22.0 16.0 
16.0 0.0 12.0 17.0 17.0 
18.0 4.0 0.0 24.0 17.0 
15.0 1.0 1.0 0.0 6.0 
10.0 21.0 24.0 9.0 0.0 
0.0 16.0 15.0 2.0 3.0 
0.0 0.0 6.0 12.0 23.0 
12.0 7.0 0.0 15.0 24.0 
17.0 3.0 21.0 0.0 16.0 
5.0 16.0 7.0 18.0 0.0 
0.0 4.0 11.0 17.0 0.0 
10.0 0.0 22.0 0.0 15.0 
16.0 16.0 0.0 15.0 5.0 
4.0 4.0 18.0 0.0 3.0 
23.0 9.0 12.0 21.0 0.0 
0.0 4.0 1.0 6.0 19.0 
23.0 0.0 22.0 8.0 5.0 
3.0 3.0 0.0 16.0 16.0 
11.0 7.0 18.0 0.0 16.0 
6.0 12.0 6.0 17.0 0.0 
0.0 4.0 8.0 8.0 13.0 
24.0 0.0 22.0 24.0 4.0 
7.0 11.0 0.0 9.0 5.0 
0.0 24.0 19.0 0.0 5.0 
17.0 11.0 23.0 0.0 0.0 
0.0 8.0 8.0 0.0 16.0 
13.0 0.0 16.0 6.0 15.0 
23.0 24.0 0.0 5.0 12.0 
23.0 22.0 2.0 0.0 22.0 
9.0 24.0 11.0 13.0 0.0 
0.0 14.0 21.0 5.0 23.0 
7.0 0.0 16.0 11.0 21.0 
9.0 15.0 0.0 18.0 21.0 
12.0 12.0 4.0 0.0 0.0 
17.0 22.0 0.0 10.0 0.0 
