0.0 19.0 23.0 18.0 17.0 
7.0 0.0 2.0 6.0 14.0 
11.0 24.0 0.0 15.0 3.0 
24.0 11.0 7.0 0.0 3.0 
1.0 6.0 10.0 14.0 0.0 
0.0 8.0 4.0 8.0 20.0 
17.0 0.0 8.0 4.0 1.0 
23.0 17.0 0.0 11.0 1.0 
16.0 8.0 20.0 0.0 3.0 
3.0 10.0 1.0 17.0 0.0 
0.0 15.0 9.0 7.0 8.0 
9.0 0.0 13.0 23.0 6.0 
1.0 19.0 0.0 9.0 0.0 
6.0 8.0 9.0 0.0 1.0 
23.0 20.0 19.0 3.0 0.0 
0.0 16.0 0.0 15.0 13.0 
1.0 0.0 5.0 13.0 13.0 
4.0 11.0 0.0 21.0 17.0 
6.0 6.0 9.0 0.0 3.0 
16.0 9.0 1.0 10.0 0.0 
0.0 23.0 20.0 21.0 3.0 
22.0 0.0 17.0 18.0 2.0 
8.0 13.0 0.0 0.0 1.0 
24.0 11.0 22.0 0.0 9.0 
22.0 6.0 6.0 22.0 0.0 
0.0 8.0 8.0 16.0 13.0 
22.0 0.0 6.0 20.0 24.0 
24.0 24.0 0.0 11.0 24.0 
7.0 21.0 5.0 0.0 13.0 
8.0 3.0 0.0 10.0 0.0 
0.0 4.0 7.0 8.0 6.0 
4.0 0.0 21.0 6.0 7.0 
0.0 0.0 0.0 3.0 13.0 
7.0 6.0 21.0 0.0 14.0 
5.0 8.0 8.0 4.0 0.0 
0.0 14.0 8.0 15.0 1.0 
16.0 0.0 4.0 12.0 14.0 
9.0 24.0 0.0 18.0 15.0 
13.0 11.0 24.0 0.0 13.0 
5.0 13.0 16.0 2.0 0.0 
0.0 4.0 21.0 7.0 21.0 
15.0 0.0 14.0 9.0 6.0 
9.0 14.0 0.0 21.0 13.0 
20.0 9.0 8.0 0.0 21.0 
11.0 20.0 23.0 19.0 0.0 
0.0 1.0 18.0 9.0 3.0 
1.0 0.0 6.0 15.0 24.0 
13.0 12.0 0.0 15.0 24.0 
5.0 11.0 5.0 0.0 16.0 
8.0 11.0 18.0 9.0 0.0 
0.0 5.0 17.0 17.0 9.0 
7.0 0.0 0.0 21.0 13.0 
15.0 8.0 0.0 3.0 1.0 
11.0 14.0 19.0 0.0 17.0 
18.0 6.0 20.0 10.0 0.0 
0.0 22.0 5.0 7.0 10.0 
22.0 0.0 19.0 18.0 0.0 
18.0 8.0 0.0 5.0 10.0 
2.0 6.0 24.0 0.0 8.0 
20.0 11.0 7.0 22.0 0.0 
