0.0 21.0 10.0 22.0 9.0 
20.0 0.0 2.0 0.0 22.0 
6.0 20.0 0.0 0.0 23.0 
20.0 6.0 17.0 0.0 10.0 
4.0 8.0 4.0 15.0 0.0 
0.0 8.0 4.0 19.0 17.0 
8.0 0.0 4.0 18.0 23.0 
17.0 19.0 0.0 1.0 21.0 
7.0 22.0 6.0 0.0 7.0 
16.0 3.0 15.0 15.0 0.0 
0.0 0.0 19.0 5.0 5.0 
4.0 0.0 14.0 15.0 0.0 
15.0 16.0 0.0 8.0 10.0 
11.0 14.0 1.0 0.0 20.0 
7.0 2.0 13.0 3.0 0.0 
0.0 20.0 14.0 16.0 9.0 
3.0 0.0 5.0 23.0 16.0 
15.0 24.0 0.0 12.0 17.0 
20.0 20.0 21.0 0.0 12.0 
4.0 4.0 23.0 13.0 0.0 
0.0 4.0 10.0 18.0 5.0 
17.0 0.0 20.0 21.0 15.0 
20.0 10.0 0.0 20.0 23.0 
9.0 0.0 1.0 0.0 16.0 
9.0 13.0 21.0 1.0 0.0 
0.0 24.0 18.0 15.0 10.0 
7.0 0.0 6.0 16.0 6.0 
11.0 10.0 0.0 8.0 10.0 
15.0 4.0 14.0 0.0 0.0 
13.0 14.0 6.0 22.0 0.0 
0.0 0.0 14.0 17.0 7.0 
6.0 0.0 15.0 17.0 12.0 
15.0 2.0 0.0 1.0 17.0 
22.0 0.0 2.0 0.0 1.0 
0.0 20.0 4.0 17.0 0.0 
0.0 7.0 16.0 15.0 11.0 
21.0 0.0 4.0 12.0 16.0 
6.0 0.0 0.0 4.0 9.0 
10.0 8.0 8.0 0.0 23.0 
5.0 6.0 24.0 9.0 0.0 
0.0 6.0 1.0 4.0 23.0 
17.0 0.0 9.0 2.0 15.0 
14.0 12.0 0.0 21.0 11.0 
12.0 18.0 4.0 0.0 24.0 
1.0 5.0 23.0 1.0 0.0 
0.0 5.0 15.0 0.0 7.0 
8.0 0.0 24.0 2.0 2.0 
4.0 11.0 0.0 7.0 14.0 
9.0 7.0 22.0 0.0 16.0 
6.0 4.0 5.0 20.0 0.0 
0.0 20.0 23.0 3.0 3.0 
24.0 0.0 2.0 16.0 4.0 
19.0 8.0 0.0 0.0 14.0 
12.0 20.0 15.0 0.0 6.0 
9.0 15.0 21.0 24.0 0.0 
0.0 12.0 3.0 6.0 12.0 
2.0 0.0 0.0 8.0 0.0 
24.0 2.0 0.0 4.0 7.0 
7.0 6.0 12.0 0.0 23.0 
13.0 9.0 9.0 18.0 0.0 
