0.0 5.0 16.0 22.0 0.0 
20.0 0.0 10.0 12.0 12.0 
3.0 18.0 0.0 3.0 8.0 
9.0 0.0 18.0 0.0 0.0 
12.0 4.0 20.0 1.0 0.0 
0.0 9.0 16.0 22.0 21.0 
7.0 0.0 1.0 12.0 5.0 
1.0 7.0 0.0 17.0 7.0 
15.0 6.0 12.0 0.0 9.0 
0.0 17.0 21.0 14.0 0.0 
0.0 14.0 21.0 23.0 2.0 
10.0 0.0 14.0 14.0 4.0 
22.0 24.0 0.0 3.0 0.0 
11.0 24.0 1.0 0.0 9.0 
20.0 2.0 15.0 8.0 0.0 
0.0 19.0 5.0 0.0 21.0 
16.0 0.0 16.0 11.0 22.0 
23.0 0.0 0.0 23.0 1.0 
3.0 2.0 12.0 0.0 6.0 
13.0 12.0 24.0 10.0 0.0 
0.0 13.0 8.0 15.0 3.0 
5.0 0.0 21.0 11.0 15.0 
5.0 20.0 0.0 17.0 21.0 
11.0 21.0 16.0 0.0 5.0 
11.0 9.0 0.0 7.0 0.0 
0.0 14.0 17.0 11.0 15.0 
12.0 0.0 2.0 11.0 5.0 
21.0 21.0 0.0 20.0 16.0 
20.0 15.0 0.0 0.0 7.0 
18.0 18.0 11.0 24.0 0.0 
0.0 14.0 0.0 5.0 12.0 
1.0 0.0 24.0 22.0 23.0 
1.0 20.0 0.0 5.0 6.0 
17.0 11.0 3.0 0.0 19.0 
17.0 0.0 12.0 16.0 0.0 
0.0 1.0 14.0 15.0 1.0 
0.0 0.0 5.0 3.0 14.0 
23.0 20.0 0.0 8.0 7.0 
2.0 7.0 21.0 0.0 14.0 
16.0 9.0 1.0 3.0 0.0 
0.0 6.0 21.0 4.0 11.0 
14.0 0.0 18.0 18.0 0.0 
8.0 9.0 0.0 17.0 2.0 
0.0 20.0 24.0 0.0 23.0 
17.0 24.0 1.0 17.0 0.0 
0.0 0.0 13.0 13.0 2.0 
15.0 0.0 1.0 7.0 18.0 
9.0 12.0 0.0 14.0 17.0 
11.0 22.0 24.0 0.0 1.0 
21.0 22.0 20.0 4.0 0.0 
0.0 4.0 7.0 4.0 8.0 
1.0 0.0 7.0 0.0 4.0 
10.0 11.0 0.0 5.0 3.0 
15.0 17.0 9.0 0.0 4.0 
23.0 4.0 3.0 1.0 0.0 
0.0 15.0 18.0 22.0 24.0 
7.0 0.0 5.0 6.0 17.0 
13.0 5.0 0.0 16.0 7.0 
12.0 12.0 11.0 0.0 23.0 
8.0 17.0 23.0 5.0 0.0 
