0.0 18.0 17.0 3.0 13.0 
1.0 0.0 22.0 1.0 16.0 
11.0 11.0 0.0 23.0 23.0 
10.0 16.0 11.0 0.0 14.0 
23.0 15.0 16.0 24.0 0.0 
0.0 8.0 0.0 20.0 10.0 
15.0 0.0 16.0 9.0 0.0 
23.0 15.0 0.0 9.0 18.0 
20.0 20.0 8.0 0.0 13.0 
13.0 19.0 24.0 9.0 0.0 
0.0 3.0 13.0 2.0 2.0 
13.0 0.0 5.0 16.0 5.0 
3.0 8.0 0.0 3.0 19.0 
24.0 7.0 16.0 0.0 6.0 
7.0 6.0 6.0 11.0 0.0 
0.0 8.0 3.0 8.0 8.0 
16.0 0.0 3.0 3.0 18.0 
3.0 9.0 0.0 3.0 12.0 
10.0 2.0 23.0 0.0 18.0 
0.0 8.0 22.0 15.0 0.0 
0.0 13.0 16.0 7.0 14.0 
24.0 0.0 19.0 12.0 13.0 
14.0 6.0 0.0 9.0 22.0 
5.0 18.0 16.0 0.0 7.0 
1.0 10.0 3.0 16.0 0.0 
0.0 15.0 15.0 14.0 14.0 
17.0 0.0 20.0 14.0 8.0 
7.0 2.0 0.0 11.0 5.0 
22.0 2.0 4.0 0.0 6.0 
16.0 6.0 23.0 7.0 0.0 
0.0 20.0 3.0 1.0 18.0 
8.0 0.0 10.0 4.0 6.0 
16.0 22.0 0.0 3.0 20.0 
4.0 22.0 17.0 0.0 19.0 
8.0 2.0 19.0 1.0 0.0 
0.0 20.0 6.0 8.0 2.0 
8.0 0.0 4.0 20.0 17.0 
14.0 5.0 0.0 14.0 19.0 
21.0 15.0 2.0 0.0 8.0 
24.0 13.0 17.0 18.0 0.0 
0.0 13.0 8.0 1.0 4.0 
20.0 0.0 10.0 7.0 18.0 
15.0 4.0 0.0 21.0 12.0 
17.0 19.0 15.0 0.0 21.0 
7.0 20.0 7.0 16.0 0.0 
0.0 24.0 10.0 3.0 9.0 
3.0 0.0 6.0 3.0 10.0 
3.0 20.0 0.0 1.0 21.0 
4.0 23.0 7.0 0.0 20.0 
17.0 7.0 1.0 6.0 0.0 
0.0 2.0 11.0 9.0 8.0 
5.0 0.0 1.0 1.0 2.0 
22.0 8.0 0.0 5.0 19.0 
1.0 11.0 9.0 0.0 16.0 
14.0 3.0 17.0 10.0 0.0 
0.0 21.0 3.0 0.0 14.0 
8.0 0.0 1.0 2.0 11.0 
11.0 4.0 0.0 8.0 10.0 
23.0 0.0 0.0 0.0 6.0 
13.0 16.0 15.0 22.0 0.0 
