0.0 7.0 4.0 4.0 8.0 
8.0 0.0 18.0 24.0 8.0 
23.0 2.0 0.0 23.0 4.0 
21.0 15.0 2.0 0.0 1.0 
15.0 11.0 12.0 20.0 0.0 
0.0 8.0 1.0 4.0 24.0 
4.0 0.0 14.0 2.0 21.0 
14.0 3.0 0.0 3.0 0.0 
4.0 3.0 19.0 0.0 4.0 
8.0 20.0 16.0 14.0 0.0 
0.0 21.0 9.0 3.0 18.0 
2.0 0.0 7.0 1.0 10.0 
24.0 16.0 0.0 4.0 4.0 
8.0 6.0 16.0 0.0 9.0 
16.0 21.0 22.0 7.0 0.0 
0.0 20.0 0.0 0.0 20.0 
9.0 0.0 17.0 2.0 17.0 
21.0 13.0 0.0 9.0 2.0 
22.0 23.0 1.0 0.0 7.0 
0.0 16.0 11.0 8.0 0.0 
0.0 18.0 3.0 6.0 24.0 
20.0 0.0 8.0 0.0 11.0 
13.0 21.0 0.0 11.0 5.0 
20.0 13.0 20.0 0.0 5.0 
0.0 23.0 16.0 3.0 0.0 
0.0 13.0 9.0 5.0 5.0 
7.0 0.0 7.0 16.0 2.0 
11.0 17.0 0.0 12.0 9.0 
20.0 21.0 2.0 0.0 10.0 
11.0 0.0 9.0 18.0 0.0 
0.0 23.0 15.0 23.0 2.0 
10.0 0.0 20.0 20.0 23.0 
22.0 0.0 0.0 4.0 10.0 
24.0 3.0 3.0 0.0 21.0 
9.0 17.0 5.0 14.0 0.0 
0.0 10.0 6.0 3.0 16.0 
7.0 0.0 23.0 12.0 21.0 
3.0 9.0 0.0 3.0 24.0 
10.0 1.0 23.0 0.0 1.0 
14.0 19.0 3.0 0.0 0.0 
0.0 4.0 12.0 15.0 7.0 
15.0 0.0 13.0 5.0 7.0 
3.0 16.0 0.0 16.0 14.0 
2.0 9.0 15.0 0.0 14.0 
5.0 3.0 17.0 18.0 0.0 
0.0 1.0 7.0 2.0 16.0 
15.0 0.0 10.0 14.0 3.0 
15.0 4.0 0.0 8.0 19.0 
17.0 9.0 11.0 0.0 2.0 
5.0 11.0 15.0 15.0 0.0 
0.0 21.0 12.0 8.0 15.0 
12.0 0.0 2.0 1.0 2.0 
21.0 24.0 0.0 20.0 1.0 
18.0 9.0 4.0 0.0 1.0 
6.0 10.0 11.0 14.0 0.0 
0.0 5.0 0.0 6.0 4.0 
9.0 0.0 18.0 21.0 18.0 
6.0 19.0 0.0 10.0 6.0 
11.0 19.0 4.0 0.0 24.0 
17.0 6.0 0.0 22.0 0.0 
