0.0 12.0 24.0 24.0 1.0 
6.0 0.0 22.0 2.0 19.0 
22.0 19.0 0.0 6.0 19.0 
11.0 23.0 19.0 0.0 12.0 
1.0 21.0 5.0 19.0 0.0 
0.0 16.0 6.0 21.0 23.0 
21.0 0.0 0.0 19.0 10.0 
5.0 8.0 0.0 1.0 24.0 
6.0 7.0 17.0 0.0 3.0 
12.0 13.0 6.0 10.0 0.0 
0.0 0.0 19.0 10.0 11.0 
5.0 0.0 7.0 11.0 14.0 
20.0 6.0 0.0 7.0 22.0 
3.0 12.0 4.0 0.0 3.0 
15.0 6.0 12.0 18.0 0.0 
0.0 7.0 19.0 22.0 0.0 
13.0 0.0 5.0 6.0 22.0 
16.0 11.0 0.0 24.0 2.0 
23.0 9.0 0.0 0.0 0.0 
4.0 4.0 21.0 8.0 0.0 
0.0 10.0 18.0 15.0 14.0 
24.0 0.0 6.0 24.0 8.0 
7.0 2.0 0.0 2.0 6.0 
2.0 19.0 9.0 0.0 9.0 
24.0 2.0 19.0 1.0 0.0 
0.0 16.0 8.0 6.0 1.0 
2.0 0.0 3.0 1.0 15.0 
5.0 19.0 0.0 13.0 3.0 
11.0 0.0 8.0 0.0 7.0 
6.0 5.0 20.0 13.0 0.0 
0.0 14.0 19.0 4.0 4.0 
1.0 0.0 5.0 0.0 6.0 
21.0 24.0 0.0 6.0 17.0 
4.0 14.0 10.0 0.0 20.0 
13.0 8.0 23.0 9.0 0.0 
0.0 20.0 4.0 17.0 2.0 
5.0 0.0 6.0 24.0 0.0 
22.0 1.0 0.0 0.0 20.0 
8.0 5.0 15.0 0.0 4.0 
17.0 4.0 18.0 6.0 0.0 
0.0 9.0 8.0 4.0 5.0 
23.0 0.0 16.0 1.0 2.0 
21.0 10.0 0.0 13.0 19.0 
8.0 15.0 21.0 0.0 10.0 
10.0 14.0 7.0 1.0 0.0 
0.0 15.0 11.0 6.0 22.0 
23.0 0.0 9.0 20.0 7.0 
6.0 22.0 0.0 6.0 8.0 
13.0 16.0 3.0 0.0 24.0 
10.0 15.0 0.0 21.0 0.0 
0.0 21.0 5.0 13.0 14.0 
7.0 0.0 2.0 16.0 8.0 
16.0 19.0 0.0 3.0 10.0 
20.0 9.0 0.0 0.0 19.0 
6.0 3.0 10.0 6.0 0.0 
0.0 11.0 21.0 16.0 24.0 
4.0 0.0 10.0 3.0 24.0 
11.0 21.0 0.0 17.0 1.0 
16.0 2.0 9.0 0.0 23.0 
21.0 9.0 23.0 20.0 0.0 
