0.0 3.0 14.0 3.0 18.0 
12.0 0.0 2.0 10.0 23.0 
19.0 21.0 0.0 13.0 5.0 
18.0 14.0 15.0 0.0 14.0 
0.0 20.0 17.0 3.0 0.0 
0.0 13.0 15.0 24.0 11.0 
23.0 0.0 7.0 7.0 16.0 
18.0 6.0 0.0 24.0 6.0 
23.0 9.0 19.0 0.0 21.0 
5.0 9.0 22.0 14.0 0.0 
0.0 13.0 11.0 14.0 6.0 
24.0 0.0 13.0 16.0 2.0 
16.0 0.0 0.0 20.0 12.0 
12.0 18.0 9.0 0.0 20.0 
18.0 17.0 13.0 5.0 0.0 
0.0 23.0 2.0 23.0 3.0 
3.0 0.0 12.0 16.0 10.0 
2.0 6.0 0.0 10.0 4.0 
18.0 7.0 5.0 0.0 15.0 
4.0 20.0 6.0 17.0 0.0 
0.0 6.0 18.0 9.0 15.0 
14.0 0.0 2.0 6.0 21.0 
13.0 8.0 0.0 6.0 20.0 
9.0 4.0 17.0 0.0 8.0 
5.0 3.0 19.0 7.0 0.0 
0.0 10.0 15.0 21.0 24.0 
6.0 0.0 21.0 8.0 11.0 
6.0 2.0 0.0 23.0 13.0 
13.0 1.0 0.0 0.0 10.0 
6.0 19.0 16.0 20.0 0.0 
0.0 23.0 1.0 0.0 8.0 
7.0 0.0 14.0 9.0 24.0 
14.0 14.0 0.0 2.0 11.0 
14.0 20.0 8.0 0.0 4.0 
10.0 21.0 23.0 6.0 0.0 
0.0 1.0 17.0 10.0 5.0 
6.0 0.0 15.0 24.0 20.0 
22.0 23.0 0.0 3.0 20.0 
24.0 20.0 15.0 0.0 2.0 
15.0 15.0 3.0 10.0 0.0 
0.0 7.0 22.0 19.0 3.0 
19.0 0.0 3.0 3.0 10.0 
0.0 22.0 0.0 7.0 8.0 
12.0 13.0 17.0 0.0 18.0 
17.0 10.0 16.0 17.0 0.0 
0.0 15.0 10.0 7.0 17.0 
2.0 0.0 20.0 23.0 16.0 
20.0 3.0 0.0 8.0 0.0 
24.0 16.0 17.0 0.0 7.0 
17.0 7.0 4.0 17.0 0.0 
0.0 12.0 2.0 11.0 21.0 
2.0 0.0 19.0 21.0 0.0 
2.0 12.0 0.0 19.0 12.0 
7.0 6.0 3.0 0.0 22.0 
5.0 10.0 19.0 1.0 0.0 
0.0 18.0 5.0 0.0 8.0 
19.0 0.0 5.0 22.0 15.0 
9.0 10.0 0.0 18.0 0.0 
0.0 23.0 12.0 0.0 20.0 
13.0 21.0 16.0 16.0 0.0 
