0.0 8.0 11.0 7.0 18.0 
2.0 0.0 19.0 0.0 1.0 
12.0 9.0 0.0 24.0 9.0 
0.0 21.0 23.0 0.0 15.0 
18.0 7.0 23.0 14.0 0.0 
0.0 18.0 9.0 0.0 3.0 
5.0 0.0 4.0 23.0 17.0 
8.0 1.0 0.0 11.0 12.0 
16.0 19.0 9.0 0.0 20.0 
13.0 4.0 13.0 1.0 0.0 
0.0 10.0 4.0 3.0 6.0 
2.0 0.0 16.0 17.0 10.0 
17.0 7.0 0.0 17.0 8.0 
12.0 12.0 14.0 0.0 1.0 
21.0 21.0 1.0 23.0 0.0 
0.0 7.0 6.0 15.0 8.0 
21.0 0.0 24.0 7.0 2.0 
5.0 2.0 0.0 18.0 24.0 
23.0 18.0 23.0 0.0 18.0 
13.0 1.0 5.0 6.0 0.0 
0.0 13.0 6.0 7.0 7.0 
14.0 0.0 23.0 23.0 22.0 
3.0 22.0 0.0 16.0 15.0 
9.0 24.0 12.0 0.0 19.0 
11.0 19.0 12.0 19.0 0.0 
0.0 13.0 16.0 10.0 8.0 
19.0 0.0 21.0 16.0 11.0 
21.0 6.0 0.0 3.0 23.0 
20.0 9.0 1.0 0.0 6.0 
3.0 5.0 2.0 21.0 0.0 
0.0 10.0 1.0 3.0 24.0 
23.0 0.0 11.0 16.0 20.0 
23.0 24.0 0.0 16.0 17.0 
1.0 8.0 18.0 0.0 16.0 
16.0 22.0 11.0 24.0 0.0 
0.0 12.0 0.0 10.0 16.0 
2.0 0.0 19.0 22.0 23.0 
0.0 8.0 0.0 1.0 22.0 
13.0 14.0 24.0 0.0 22.0 
12.0 14.0 4.0 16.0 0.0 
0.0 7.0 21.0 7.0 7.0 
16.0 0.0 4.0 10.0 22.0 
19.0 3.0 0.0 10.0 3.0 
10.0 14.0 3.0 0.0 11.0 
8.0 18.0 0.0 1.0 0.0 
0.0 23.0 20.0 14.0 4.0 
16.0 0.0 21.0 5.0 0.0 
9.0 9.0 0.0 22.0 19.0 
21.0 12.0 18.0 0.0 3.0 
0.0 3.0 4.0 19.0 0.0 
0.0 9.0 21.0 22.0 0.0 
10.0 0.0 2.0 18.0 17.0 
6.0 2.0 0.0 23.0 2.0 
14.0 21.0 12.0 0.0 6.0 
10.0 6.0 8.0 15.0 0.0 
0.0 19.0 7.0 0.0 17.0 
4.0 0.0 1.0 9.0 18.0 
2.0 20.0 0.0 22.0 3.0 
1.0 7.0 16.0 0.0 6.0 
21.0 10.0 23.0 15.0 0.0 
