0.0 16.0 4.0 21.0 8.0 
4.0 0.0 24.0 13.0 3.0 
24.0 16.0 0.0 14.0 0.0 
16.0 3.0 10.0 0.0 11.0 
15.0 11.0 21.0 13.0 0.0 
0.0 12.0 17.0 22.0 9.0 
20.0 0.0 0.0 5.0 17.0 
13.0 23.0 0.0 13.0 4.0 
12.0 19.0 15.0 0.0 6.0 
6.0 2.0 0.0 4.0 0.0 
0.0 7.0 12.0 4.0 10.0 
6.0 0.0 20.0 9.0 3.0 
17.0 13.0 0.0 13.0 15.0 
1.0 17.0 12.0 0.0 9.0 
10.0 5.0 6.0 3.0 0.0 
0.0 4.0 19.0 18.0 2.0 
18.0 0.0 23.0 10.0 3.0 
6.0 5.0 0.0 20.0 8.0 
13.0 6.0 20.0 0.0 20.0 
5.0 22.0 4.0 11.0 0.0 
0.0 3.0 1.0 0.0 10.0 
14.0 0.0 24.0 9.0 16.0 
12.0 20.0 0.0 18.0 5.0 
22.0 21.0 17.0 0.0 7.0 
24.0 13.0 12.0 7.0 0.0 
0.0 18.0 17.0 2.0 21.0 
16.0 0.0 9.0 11.0 20.0 
2.0 3.0 0.0 9.0 17.0 
14.0 1.0 16.0 0.0 23.0 
24.0 24.0 19.0 22.0 0.0 
0.0 0.0 24.0 19.0 0.0 
9.0 0.0 19.0 21.0 14.0 
6.0 21.0 0.0 3.0 10.0 
14.0 18.0 7.0 0.0 8.0 
12.0 7.0 9.0 7.0 0.0 
0.0 23.0 24.0 21.0 12.0 
20.0 0.0 15.0 3.0 9.0 
7.0 14.0 0.0 4.0 12.0 
12.0 1.0 18.0 0.0 10.0 
4.0 23.0 17.0 0.0 0.0 
0.0 6.0 0.0 13.0 12.0 
2.0 0.0 6.0 3.0 4.0 
17.0 18.0 0.0 7.0 14.0 
16.0 21.0 8.0 0.0 5.0 
17.0 14.0 13.0 5.0 0.0 
0.0 12.0 9.0 7.0 23.0 
3.0 0.0 6.0 3.0 10.0 
6.0 20.0 0.0 14.0 22.0 
14.0 23.0 22.0 0.0 22.0 
8.0 16.0 16.0 9.0 0.0 
0.0 4.0 6.0 5.0 9.0 
21.0 0.0 21.0 19.0 12.0 
11.0 11.0 0.0 16.0 7.0 
1.0 18.0 23.0 0.0 3.0 
10.0 12.0 7.0 6.0 0.0 
0.0 9.0 5.0 24.0 18.0 
3.0 0.0 12.0 21.0 8.0 
6.0 18.0 0.0 2.0 18.0 
6.0 16.0 11.0 0.0 4.0 
9.0 9.0 7.0 10.0 0.0 
