0.0 20.0 1.0 15.0 21.0 
16.0 0.0 18.0 23.0 11.0 
15.0 6.0 0.0 14.0 10.0 
2.0 4.0 0.0 0.0 16.0 
24.0 5.0 3.0 15.0 0.0 
0.0 14.0 20.0 8.0 15.0 
5.0 0.0 24.0 18.0 22.0 
5.0 14.0 0.0 13.0 18.0 
0.0 5.0 10.0 0.0 3.0 
7.0 17.0 24.0 16.0 0.0 
0.0 13.0 13.0 3.0 4.0 
22.0 0.0 3.0 17.0 23.0 
2.0 5.0 0.0 9.0 11.0 
9.0 1.0 10.0 0.0 24.0 
18.0 1.0 10.0 0.0 0.0 
0.0 8.0 13.0 20.0 19.0 
4.0 0.0 12.0 6.0 18.0 
9.0 23.0 0.0 11.0 17.0 
4.0 11.0 1.0 0.0 5.0 
13.0 8.0 7.0 11.0 0.0 
0.0 9.0 10.0 0.0 7.0 
0.0 0.0 19.0 14.0 4.0 
0.0 11.0 0.0 2.0 8.0 
21.0 10.0 4.0 0.0 0.0 
23.0 24.0 1.0 21.0 0.0 
0.0 9.0 1.0 16.0 14.0 
20.0 0.0 4.0 5.0 0.0 
19.0 1.0 0.0 15.0 4.0 
1.0 17.0 21.0 0.0 21.0 
4.0 21.0 20.0 4.0 0.0 
0.0 23.0 16.0 14.0 19.0 
4.0 0.0 13.0 21.0 19.0 
9.0 10.0 0.0 15.0 6.0 
21.0 23.0 9.0 0.0 6.0 
4.0 18.0 11.0 2.0 0.0 
0.0 20.0 15.0 8.0 19.0 
18.0 0.0 15.0 20.0 19.0 
15.0 7.0 0.0 13.0 24.0 
7.0 8.0 9.0 0.0 10.0 
16.0 13.0 0.0 6.0 0.0 
0.0 20.0 18.0 0.0 20.0 
18.0 0.0 22.0 7.0 7.0 
15.0 10.0 0.0 12.0 11.0 
1.0 8.0 19.0 0.0 5.0 
20.0 10.0 13.0 20.0 0.0 
0.0 5.0 8.0 11.0 14.0 
9.0 0.0 19.0 20.0 15.0 
6.0 20.0 0.0 2.0 3.0 
9.0 0.0 21.0 0.0 9.0 
24.0 22.0 5.0 10.0 0.0 
0.0 12.0 1.0 18.0 16.0 
3.0 0.0 10.0 11.0 12.0 
19.0 12.0 0.0 3.0 6.0 
9.0 14.0 7.0 0.0 13.0 
18.0 6.0 14.0 0.0 0.0 
0.0 1.0 4.0 14.0 0.0 
18.0 0.0 11.0 8.0 16.0 
15.0 19.0 0.0 3.0 11.0 
21.0 0.0 20.0 0.0 22.0 
2.0 22.0 16.0 16.0 0.0 
