0.0 0.0 4.0 15.0 7.0 
8.0 0.0 23.0 10.0 2.0 
8.0 19.0 0.0 11.0 17.0 
10.0 20.0 3.0 0.0 22.0 
9.0 19.0 8.0 0.0 0.0 
0.0 14.0 7.0 1.0 21.0 
5.0 0.0 6.0 6.0 21.0 
4.0 17.0 0.0 16.0 9.0 
1.0 18.0 1.0 0.0 4.0 
15.0 16.0 8.0 13.0 0.0 
0.0 20.0 8.0 8.0 11.0 
10.0 0.0 23.0 12.0 10.0 
5.0 3.0 0.0 17.0 7.0 
7.0 5.0 22.0 0.0 4.0 
8.0 14.0 4.0 24.0 0.0 
0.0 1.0 7.0 12.0 13.0 
21.0 0.0 12.0 19.0 16.0 
11.0 11.0 0.0 19.0 3.0 
13.0 11.0 6.0 0.0 4.0 
20.0 6.0 22.0 1.0 0.0 
0.0 16.0 6.0 12.0 1.0 
4.0 0.0 14.0 20.0 22.0 
19.0 23.0 0.0 5.0 8.0 
3.0 0.0 0.0 0.0 9.0 
22.0 0.0 17.0 24.0 0.0 
0.0 19.0 7.0 19.0 8.0 
22.0 0.0 11.0 3.0 17.0 
20.0 5.0 0.0 21.0 3.0 
17.0 3.0 7.0 0.0 17.0 
14.0 2.0 2.0 12.0 0.0 
0.0 12.0 9.0 23.0 11.0 
10.0 0.0 13.0 4.0 4.0 
22.0 11.0 0.0 10.0 16.0 
2.0 23.0 22.0 0.0 16.0 
21.0 17.0 20.0 11.0 0.0 
0.0 20.0 22.0 3.0 12.0 
21.0 0.0 14.0 20.0 10.0 
0.0 1.0 0.0 5.0 21.0 
3.0 2.0 24.0 0.0 11.0 
18.0 12.0 21.0 17.0 0.0 
0.0 11.0 19.0 15.0 22.0 
19.0 0.0 0.0 2.0 7.0 
17.0 5.0 0.0 10.0 23.0 
4.0 13.0 10.0 0.0 9.0 
18.0 0.0 23.0 23.0 0.0 
0.0 20.0 3.0 2.0 15.0 
10.0 0.0 6.0 21.0 16.0 
17.0 6.0 0.0 22.0 16.0 
7.0 9.0 23.0 0.0 20.0 
12.0 21.0 21.0 4.0 0.0 
0.0 5.0 4.0 18.0 4.0 
7.0 0.0 14.0 14.0 22.0 
14.0 16.0 0.0 17.0 11.0 
14.0 14.0 14.0 0.0 21.0 
4.0 19.0 15.0 18.0 0.0 
0.0 0.0 8.0 2.0 9.0 
22.0 0.0 5.0 14.0 3.0 
19.0 3.0 0.0 0.0 13.0 
15.0 14.0 16.0 0.0 11.0 
20.0 2.0 15.0 0.0 0.0 
