0.0 5.0 21.0 11.0 15.0 
19.0 0.0 19.0 13.0 9.0 
7.0 13.0 0.0 15.0 3.0 
1.0 21.0 0.0 0.0 18.0 
23.0 23.0 23.0 15.0 0.0 
0.0 18.0 10.0 20.0 4.0 
4.0 0.0 18.0 24.0 4.0 
13.0 5.0 0.0 19.0 22.0 
5.0 16.0 4.0 0.0 22.0 
16.0 19.0 2.0 6.0 0.0 
0.0 14.0 7.0 19.0 19.0 
14.0 0.0 20.0 5.0 18.0 
21.0 9.0 0.0 18.0 11.0 
8.0 4.0 12.0 0.0 21.0 
0.0 9.0 18.0 24.0 0.0 
0.0 1.0 14.0 21.0 14.0 
7.0 0.0 12.0 4.0 20.0 
1.0 2.0 0.0 1.0 18.0 
10.0 1.0 4.0 0.0 6.0 
10.0 18.0 5.0 11.0 0.0 
0.0 5.0 19.0 11.0 1.0 
9.0 0.0 17.0 7.0 3.0 
4.0 11.0 0.0 19.0 18.0 
24.0 20.0 5.0 0.0 21.0 
12.0 10.0 7.0 10.0 0.0 
0.0 12.0 1.0 12.0 11.0 
7.0 0.0 14.0 19.0 17.0 
1.0 10.0 0.0 9.0 11.0 
19.0 15.0 9.0 0.0 2.0 
17.0 3.0 3.0 3.0 0.0 
0.0 4.0 1.0 1.0 13.0 
11.0 0.0 11.0 4.0 19.0 
22.0 19.0 0.0 15.0 0.0 
4.0 22.0 10.0 0.0 21.0 
0.0 22.0 22.0 1.0 0.0 
0.0 11.0 8.0 22.0 20.0 
13.0 0.0 2.0 12.0 20.0 
11.0 15.0 0.0 9.0 0.0 
13.0 17.0 3.0 0.0 5.0 
9.0 6.0 20.0 2.0 0.0 
0.0 13.0 9.0 23.0 6.0 
24.0 0.0 4.0 20.0 2.0 
6.0 19.0 0.0 15.0 24.0 
20.0 6.0 22.0 0.0 9.0 
22.0 2.0 9.0 24.0 0.0 
0.0 11.0 15.0 3.0 10.0 
8.0 0.0 16.0 3.0 4.0 
2.0 23.0 0.0 12.0 12.0 
13.0 10.0 2.0 0.0 9.0 
6.0 18.0 24.0 15.0 0.0 
0.0 2.0 15.0 10.0 3.0 
2.0 0.0 18.0 21.0 21.0 
2.0 10.0 0.0 9.0 23.0 
10.0 2.0 22.0 0.0 14.0 
6.0 3.0 22.0 1.0 0.0 
0.0 13.0 0.0 24.0 9.0 
5.0 0.0 13.0 5.0 7.0 
23.0 5.0 0.0 2.0 2.0 
11.0 23.0 14.0 0.0 13.0 
9.0 22.0 20.0 3.0 0.0 
