0.0 18.0 1.0 0.0 2.0 
16.0 0.0 19.0 2.0 1.0 
19.0 12.0 0.0 17.0 14.0 
6.0 11.0 5.0 0.0 6.0 
20.0 0.0 14.0 20.0 0.0 
0.0 11.0 7.0 23.0 8.0 
21.0 0.0 6.0 12.0 20.0 
17.0 22.0 0.0 17.0 13.0 
15.0 3.0 2.0 0.0 6.0 
6.0 22.0 7.0 8.0 0.0 
0.0 23.0 5.0 2.0 9.0 
24.0 0.0 14.0 20.0 20.0 
1.0 22.0 0.0 4.0 19.0 
2.0 14.0 8.0 0.0 19.0 
20.0 13.0 4.0 17.0 0.0 
0.0 19.0 13.0 7.0 2.0 
13.0 0.0 3.0 2.0 4.0 
8.0 20.0 0.0 4.0 19.0 
24.0 22.0 22.0 0.0 5.0 
7.0 5.0 6.0 0.0 0.0 
0.0 3.0 1.0 11.0 4.0 
8.0 0.0 7.0 3.0 1.0 
9.0 11.0 0.0 17.0 0.0 
7.0 4.0 6.0 0.0 11.0 
16.0 11.0 5.0 13.0 0.0 
0.0 24.0 17.0 5.0 20.0 
20.0 0.0 20.0 5.0 18.0 
11.0 3.0 0.0 9.0 0.0 
3.0 21.0 7.0 0.0 2.0 
19.0 15.0 4.0 22.0 0.0 
0.0 13.0 12.0 17.0 23.0 
7.0 0.0 12.0 1.0 1.0 
19.0 9.0 0.0 3.0 12.0 
12.0 21.0 4.0 0.0 2.0 
24.0 11.0 23.0 5.0 0.0 
0.0 1.0 20.0 3.0 10.0 
11.0 0.0 1.0 19.0 7.0 
2.0 13.0 0.0 20.0 17.0 
19.0 17.0 19.0 0.0 18.0 
10.0 20.0 6.0 0.0 0.0 
0.0 10.0 9.0 6.0 15.0 
17.0 0.0 0.0 11.0 5.0 
19.0 0.0 0.0 17.0 20.0 
12.0 1.0 6.0 0.0 22.0 
0.0 9.0 6.0 21.0 0.0 
0.0 24.0 12.0 14.0 17.0 
2.0 0.0 11.0 3.0 2.0 
7.0 0.0 0.0 23.0 9.0 
10.0 15.0 13.0 0.0 5.0 
11.0 20.0 7.0 22.0 0.0 
0.0 22.0 7.0 9.0 11.0 
13.0 0.0 21.0 2.0 14.0 
22.0 11.0 0.0 23.0 9.0 
14.0 1.0 23.0 0.0 24.0 
3.0 5.0 19.0 6.0 0.0 
0.0 3.0 0.0 5.0 6.0 
4.0 0.0 6.0 14.0 3.0 
6.0 11.0 0.0 13.0 20.0 
4.0 7.0 5.0 0.0 0.0 
6.0 17.0 3.0 24.0 0.0 
