0.0 20.0 22.0 21.0 6.0 
1.0 0.0 9.0 18.0 11.0 
18.0 2.0 0.0 21.0 7.0 
5.0 7.0 6.0 0.0 2.0 
19.0 9.0 13.0 11.0 0.0 
0.0 8.0 13.0 23.0 16.0 
22.0 0.0 22.0 21.0 12.0 
13.0 16.0 0.0 21.0 10.0 
23.0 4.0 12.0 0.0 4.0 
24.0 8.0 10.0 6.0 0.0 
0.0 13.0 17.0 4.0 9.0 
6.0 0.0 6.0 13.0 9.0 
21.0 21.0 0.0 9.0 14.0 
23.0 2.0 22.0 0.0 19.0 
19.0 2.0 2.0 7.0 0.0 
0.0 22.0 8.0 1.0 4.0 
2.0 0.0 22.0 11.0 3.0 
10.0 17.0 0.0 12.0 13.0 
24.0 5.0 21.0 0.0 18.0 
11.0 16.0 18.0 2.0 0.0 
0.0 1.0 24.0 22.0 20.0 
14.0 0.0 15.0 21.0 24.0 
2.0 19.0 0.0 19.0 11.0 
5.0 17.0 8.0 0.0 14.0 
23.0 7.0 9.0 3.0 0.0 
0.0 22.0 22.0 1.0 1.0 
20.0 0.0 14.0 10.0 18.0 
22.0 16.0 0.0 15.0 11.0 
24.0 21.0 11.0 0.0 11.0 
13.0 6.0 21.0 1.0 0.0 
0.0 23.0 21.0 4.0 3.0 
21.0 0.0 11.0 7.0 21.0 
24.0 0.0 0.0 21.0 14.0 
22.0 0.0 17.0 0.0 0.0 
1.0 13.0 7.0 16.0 0.0 
0.0 6.0 13.0 12.0 20.0 
18.0 0.0 4.0 9.0 0.0 
11.0 7.0 0.0 19.0 19.0 
1.0 20.0 4.0 0.0 15.0 
10.0 2.0 6.0 21.0 0.0 
0.0 5.0 4.0 7.0 23.0 
12.0 0.0 22.0 7.0 5.0 
16.0 7.0 0.0 14.0 1.0 
17.0 2.0 14.0 0.0 11.0 
19.0 2.0 4.0 2.0 0.0 
0.0 14.0 24.0 20.0 4.0 
7.0 0.0 24.0 16.0 16.0 
10.0 14.0 0.0 0.0 23.0 
1.0 18.0 7.0 0.0 0.0 
3.0 5.0 24.0 5.0 0.0 
0.0 22.0 23.0 1.0 18.0 
24.0 0.0 15.0 12.0 2.0 
24.0 11.0 0.0 23.0 6.0 
17.0 13.0 0.0 0.0 17.0 
10.0 9.0 3.0 20.0 0.0 
0.0 5.0 18.0 23.0 5.0 
8.0 0.0 4.0 16.0 7.0 
14.0 20.0 0.0 18.0 8.0 
3.0 4.0 5.0 0.0 6.0 
7.0 17.0 21.0 9.0 0.0 
