0.0 2.0 19.0 17.0 10.0 
23.0 0.0 10.0 22.0 16.0 
12.0 7.0 0.0 2.0 9.0 
0.0 2.0 24.0 0.0 24.0 
2.0 5.0 24.0 15.0 0.0 
0.0 14.0 13.0 13.0 5.0 
8.0 0.0 4.0 2.0 11.0 
23.0 24.0 0.0 1.0 20.0 
1.0 9.0 23.0 0.0 22.0 
1.0 22.0 20.0 13.0 0.0 
0.0 4.0 8.0 14.0 24.0 
3.0 0.0 20.0 13.0 24.0 
8.0 16.0 0.0 22.0 8.0 
18.0 18.0 2.0 0.0 14.0 
9.0 8.0 3.0 9.0 0.0 
0.0 9.0 4.0 2.0 4.0 
2.0 0.0 7.0 7.0 16.0 
13.0 23.0 0.0 16.0 7.0 
6.0 20.0 23.0 0.0 10.0 
21.0 20.0 21.0 19.0 0.0 
0.0 20.0 14.0 17.0 8.0 
12.0 0.0 9.0 10.0 2.0 
21.0 16.0 0.0 23.0 18.0 
12.0 1.0 7.0 0.0 1.0 
4.0 14.0 0.0 13.0 0.0 
0.0 13.0 17.0 20.0 3.0 
24.0 0.0 14.0 21.0 3.0 
13.0 5.0 0.0 1.0 20.0 
17.0 1.0 12.0 0.0 12.0 
13.0 23.0 24.0 10.0 0.0 
0.0 1.0 13.0 4.0 2.0 
3.0 0.0 16.0 24.0 24.0 
6.0 23.0 0.0 1.0 20.0 
6.0 5.0 16.0 0.0 1.0 
11.0 9.0 21.0 18.0 0.0 
0.0 23.0 19.0 12.0 2.0 
16.0 0.0 18.0 20.0 19.0 
9.0 22.0 0.0 20.0 12.0 
13.0 21.0 1.0 0.0 8.0 
11.0 9.0 12.0 14.0 0.0 
0.0 14.0 12.0 11.0 18.0 
10.0 0.0 13.0 12.0 16.0 
10.0 10.0 0.0 4.0 11.0 
3.0 4.0 4.0 0.0 11.0 
6.0 3.0 2.0 11.0 0.0 
0.0 6.0 13.0 6.0 2.0 
23.0 0.0 4.0 8.0 17.0 
14.0 16.0 0.0 11.0 2.0 
5.0 20.0 23.0 0.0 2.0 
20.0 10.0 18.0 19.0 0.0 
0.0 17.0 3.0 10.0 4.0 
10.0 0.0 6.0 10.0 7.0 
6.0 4.0 0.0 4.0 16.0 
19.0 2.0 17.0 0.0 2.0 
16.0 23.0 0.0 16.0 0.0 
0.0 4.0 0.0 11.0 22.0 
1.0 0.0 9.0 20.0 11.0 
23.0 8.0 0.0 23.0 15.0 
3.0 14.0 12.0 0.0 15.0 
12.0 20.0 22.0 24.0 0.0 
