0.0 4.0 20.0 6.0 21.0 
22.0 0.0 14.0 19.0 15.0 
12.0 23.0 0.0 13.0 1.0 
20.0 23.0 1.0 0.0 10.0 
18.0 14.0 0.0 20.0 0.0 
0.0 21.0 17.0 22.0 14.0 
24.0 0.0 6.0 14.0 23.0 
19.0 1.0 0.0 18.0 14.0 
22.0 5.0 16.0 0.0 21.0 
12.0 18.0 15.0 7.0 0.0 
0.0 24.0 6.0 22.0 18.0 
10.0 0.0 1.0 24.0 18.0 
22.0 23.0 0.0 9.0 15.0 
3.0 4.0 18.0 0.0 12.0 
17.0 6.0 17.0 16.0 0.0 
0.0 7.0 2.0 18.0 15.0 
2.0 0.0 14.0 18.0 10.0 
5.0 19.0 0.0 8.0 5.0 
9.0 8.0 0.0 0.0 21.0 
23.0 9.0 1.0 6.0 0.0 
0.0 15.0 10.0 3.0 24.0 
15.0 0.0 23.0 9.0 3.0 
17.0 3.0 0.0 4.0 6.0 
24.0 20.0 10.0 0.0 12.0 
0.0 15.0 21.0 9.0 0.0 
0.0 2.0 5.0 2.0 16.0 
12.0 0.0 20.0 13.0 14.0 
20.0 11.0 0.0 3.0 23.0 
3.0 13.0 9.0 0.0 14.0 
24.0 13.0 3.0 2.0 0.0 
0.0 22.0 14.0 22.0 24.0 
1.0 0.0 8.0 6.0 23.0 
10.0 8.0 0.0 17.0 3.0 
7.0 15.0 15.0 0.0 11.0 
9.0 20.0 12.0 4.0 0.0 
0.0 20.0 6.0 16.0 3.0 
18.0 0.0 17.0 2.0 1.0 
5.0 12.0 0.0 2.0 16.0 
0.0 13.0 18.0 0.0 18.0 
10.0 17.0 23.0 21.0 0.0 
0.0 23.0 1.0 17.0 24.0 
23.0 0.0 8.0 8.0 8.0 
15.0 5.0 0.0 24.0 19.0 
11.0 7.0 24.0 0.0 10.0 
18.0 19.0 9.0 8.0 0.0 
0.0 2.0 14.0 8.0 14.0 
12.0 0.0 10.0 18.0 14.0 
24.0 1.0 0.0 2.0 21.0 
24.0 20.0 13.0 0.0 24.0 
10.0 4.0 10.0 10.0 0.0 
0.0 7.0 8.0 10.0 9.0 
20.0 0.0 9.0 13.0 8.0 
2.0 2.0 0.0 4.0 21.0 
24.0 1.0 0.0 0.0 17.0 
20.0 21.0 22.0 10.0 0.0 
0.0 23.0 9.0 11.0 6.0 
5.0 0.0 0.0 9.0 21.0 
0.0 2.0 0.0 4.0 23.0 
5.0 1.0 4.0 0.0 22.0 
20.0 1.0 9.0 5.0 0.0 
