0.0 9.0 14.0 16.0 5.0 
10.0 0.0 19.0 8.0 4.0 
3.0 21.0 0.0 20.0 11.0 
0.0 9.0 19.0 0.0 6.0 
2.0 16.0 12.0 10.0 0.0 
0.0 12.0 16.0 14.0 12.0 
14.0 0.0 5.0 5.0 14.0 
11.0 5.0 0.0 6.0 2.0 
0.0 9.0 15.0 0.0 12.0 
10.0 11.0 2.0 0.0 0.0 
0.0 10.0 16.0 16.0 23.0 
6.0 0.0 14.0 11.0 2.0 
18.0 6.0 0.0 18.0 22.0 
14.0 0.0 10.0 0.0 16.0 
23.0 2.0 10.0 21.0 0.0 
0.0 12.0 3.0 2.0 17.0 
0.0 0.0 9.0 10.0 17.0 
6.0 11.0 0.0 16.0 14.0 
23.0 2.0 24.0 0.0 7.0 
23.0 3.0 24.0 2.0 0.0 
0.0 2.0 13.0 20.0 23.0 
22.0 0.0 4.0 19.0 1.0 
16.0 1.0 0.0 24.0 15.0 
6.0 13.0 11.0 0.0 8.0 
6.0 16.0 20.0 1.0 0.0 
0.0 14.0 16.0 14.0 12.0 
1.0 0.0 18.0 4.0 20.0 
0.0 1.0 0.0 17.0 0.0 
17.0 15.0 19.0 0.0 23.0 
7.0 21.0 13.0 2.0 0.0 
0.0 21.0 4.0 5.0 2.0 
19.0 0.0 18.0 11.0 22.0 
5.0 22.0 0.0 3.0 6.0 
9.0 22.0 15.0 0.0 24.0 
20.0 11.0 17.0 18.0 0.0 
0.0 7.0 6.0 7.0 9.0 
3.0 0.0 19.0 19.0 3.0 
4.0 5.0 0.0 4.0 5.0 
1.0 9.0 12.0 0.0 17.0 
13.0 4.0 15.0 18.0 0.0 
0.0 17.0 7.0 11.0 6.0 
16.0 0.0 24.0 23.0 21.0 
15.0 21.0 0.0 6.0 22.0 
8.0 9.0 2.0 0.0 22.0 
0.0 8.0 16.0 18.0 0.0 
0.0 15.0 18.0 2.0 8.0 
16.0 0.0 5.0 5.0 9.0 
7.0 7.0 0.0 22.0 8.0 
7.0 2.0 3.0 0.0 18.0 
4.0 21.0 2.0 2.0 0.0 
0.0 8.0 22.0 23.0 8.0 
10.0 0.0 21.0 1.0 19.0 
4.0 3.0 0.0 18.0 8.0 
15.0 10.0 22.0 0.0 16.0 
15.0 23.0 2.0 6.0 0.0 
0.0 3.0 0.0 0.0 0.0 
15.0 0.0 7.0 3.0 8.0 
4.0 8.0 0.0 3.0 24.0 
17.0 18.0 13.0 0.0 12.0 
15.0 8.0 24.0 3.0 0.0 
