0.0 15.0 0.0 8.0 21.0 
24.0 0.0 2.0 23.0 15.0 
4.0 2.0 0.0 19.0 11.0 
0.0 16.0 3.0 0.0 4.0 
12.0 13.0 17.0 5.0 0.0 
0.0 8.0 20.0 3.0 13.0 
13.0 0.0 16.0 13.0 20.0 
2.0 24.0 0.0 2.0 12.0 
22.0 13.0 24.0 0.0 12.0 
19.0 5.0 2.0 24.0 0.0 
0.0 8.0 11.0 12.0 21.0 
1.0 0.0 3.0 9.0 2.0 
6.0 13.0 0.0 13.0 12.0 
12.0 24.0 13.0 0.0 21.0 
19.0 14.0 6.0 23.0 0.0 
0.0 6.0 24.0 9.0 15.0 
21.0 0.0 7.0 21.0 20.0 
19.0 15.0 0.0 7.0 16.0 
0.0 24.0 9.0 0.0 11.0 
10.0 0.0 17.0 4.0 0.0 
0.0 6.0 22.0 14.0 2.0 
2.0 0.0 19.0 15.0 11.0 
15.0 3.0 0.0 17.0 23.0 
0.0 12.0 24.0 0.0 5.0 
18.0 1.0 19.0 12.0 0.0 
0.0 24.0 15.0 15.0 22.0 
15.0 0.0 6.0 0.0 2.0 
7.0 4.0 0.0 16.0 2.0 
15.0 22.0 5.0 0.0 17.0 
16.0 6.0 10.0 8.0 0.0 
0.0 7.0 0.0 14.0 17.0 
24.0 0.0 13.0 5.0 20.0 
22.0 15.0 0.0 24.0 1.0 
7.0 3.0 20.0 0.0 21.0 
15.0 4.0 14.0 14.0 0.0 
0.0 11.0 22.0 18.0 3.0 
9.0 0.0 1.0 17.0 7.0 
15.0 16.0 0.0 20.0 0.0 
21.0 2.0 22.0 0.0 19.0 
18.0 18.0 11.0 19.0 0.0 
0.0 16.0 1.0 19.0 1.0 
3.0 0.0 20.0 24.0 0.0 
5.0 11.0 0.0 5.0 23.0 
16.0 0.0 0.0 0.0 21.0 
12.0 11.0 21.0 21.0 0.0 
0.0 14.0 0.0 18.0 0.0 
1.0 0.0 7.0 15.0 8.0 
3.0 1.0 0.0 9.0 4.0 
14.0 5.0 22.0 0.0 14.0 
5.0 14.0 10.0 16.0 0.0 
0.0 22.0 2.0 9.0 2.0 
0.0 0.0 9.0 7.0 14.0 
19.0 23.0 0.0 5.0 13.0 
12.0 22.0 6.0 0.0 12.0 
11.0 22.0 7.0 22.0 0.0 
0.0 10.0 12.0 19.0 13.0 
12.0 0.0 10.0 21.0 11.0 
6.0 21.0 0.0 18.0 23.0 
8.0 18.0 9.0 0.0 24.0 
23.0 12.0 7.0 16.0 0.0 
