0.0 19.0 15.0 6.0 1.0 
4.0 0.0 10.0 7.0 11.0 
10.0 20.0 0.0 12.0 0.0 
5.0 10.0 15.0 0.0 19.0 
12.0 23.0 13.0 15.0 0.0 
0.0 23.0 10.0 0.0 18.0 
4.0 0.0 3.0 12.0 1.0 
14.0 3.0 0.0 20.0 0.0 
10.0 6.0 8.0 0.0 7.0 
5.0 18.0 9.0 10.0 0.0 
0.0 7.0 5.0 13.0 18.0 
21.0 0.0 14.0 15.0 13.0 
17.0 11.0 0.0 1.0 5.0 
19.0 17.0 24.0 0.0 13.0 
7.0 16.0 7.0 12.0 0.0 
0.0 7.0 14.0 20.0 0.0 
3.0 0.0 5.0 7.0 6.0 
24.0 14.0 0.0 14.0 9.0 
23.0 15.0 17.0 0.0 20.0 
20.0 4.0 11.0 7.0 0.0 
0.0 0.0 7.0 8.0 22.0 
10.0 0.0 20.0 18.0 8.0 
3.0 12.0 0.0 8.0 7.0 
23.0 5.0 11.0 0.0 1.0 
3.0 6.0 24.0 3.0 0.0 
0.0 17.0 10.0 3.0 7.0 
19.0 0.0 16.0 14.0 21.0 
16.0 0.0 0.0 16.0 7.0 
10.0 10.0 5.0 0.0 23.0 
20.0 20.0 13.0 4.0 0.0 
0.0 18.0 19.0 6.0 7.0 
7.0 0.0 7.0 0.0 6.0 
19.0 21.0 0.0 16.0 24.0 
22.0 17.0 17.0 0.0 6.0 
10.0 20.0 14.0 14.0 0.0 
0.0 5.0 23.0 13.0 0.0 
3.0 0.0 16.0 7.0 10.0 
16.0 10.0 0.0 5.0 4.0 
1.0 13.0 20.0 0.0 16.0 
18.0 17.0 7.0 19.0 0.0 
0.0 3.0 13.0 11.0 6.0 
20.0 0.0 15.0 16.0 4.0 
5.0 14.0 0.0 23.0 8.0 
17.0 8.0 18.0 0.0 12.0 
23.0 16.0 5.0 14.0 0.0 
0.0 0.0 14.0 1.0 22.0 
10.0 0.0 6.0 23.0 17.0 
16.0 5.0 0.0 17.0 1.0 
3.0 19.0 7.0 0.0 21.0 
4.0 19.0 11.0 6.0 0.0 
0.0 19.0 12.0 14.0 5.0 
23.0 0.0 20.0 9.0 11.0 
4.0 0.0 0.0 18.0 19.0 
8.0 18.0 8.0 0.0 21.0 
16.0 12.0 22.0 9.0 0.0 
0.0 2.0 11.0 4.0 1.0 
17.0 0.0 21.0 12.0 7.0 
4.0 24.0 0.0 1.0 16.0 
17.0 8.0 23.0 0.0 8.0 
8.0 7.0 8.0 16.0 0.0 
