0.0 9.0 17.0 23.0 11.0 
2.0 0.0 9.0 5.0 3.0 
1.0 12.0 0.0 19.0 4.0 
7.0 9.0 16.0 0.0 6.0 
14.0 3.0 6.0 14.0 0.0 
0.0 2.0 23.0 23.0 15.0 
22.0 0.0 6.0 8.0 18.0 
19.0 3.0 0.0 18.0 14.0 
0.0 2.0 9.0 0.0 18.0 
5.0 17.0 6.0 24.0 0.0 
0.0 11.0 21.0 18.0 6.0 
16.0 0.0 24.0 14.0 24.0 
18.0 17.0 0.0 23.0 13.0 
20.0 17.0 5.0 0.0 14.0 
10.0 2.0 19.0 20.0 0.0 
0.0 2.0 5.0 11.0 0.0 
8.0 0.0 19.0 6.0 14.0 
7.0 16.0 0.0 13.0 1.0 
6.0 15.0 21.0 0.0 20.0 
2.0 19.0 9.0 18.0 0.0 
0.0 21.0 21.0 23.0 7.0 
4.0 0.0 6.0 15.0 18.0 
14.0 11.0 0.0 7.0 4.0 
9.0 19.0 19.0 0.0 19.0 
18.0 20.0 10.0 10.0 0.0 
0.0 11.0 18.0 24.0 19.0 
10.0 0.0 12.0 21.0 18.0 
3.0 8.0 0.0 18.0 9.0 
11.0 1.0 15.0 0.0 18.0 
5.0 12.0 16.0 13.0 0.0 
0.0 18.0 8.0 0.0 12.0 
0.0 0.0 6.0 24.0 21.0 
8.0 3.0 0.0 15.0 8.0 
9.0 14.0 0.0 0.0 4.0 
24.0 6.0 5.0 0.0 0.0 
0.0 1.0 14.0 15.0 17.0 
24.0 0.0 23.0 5.0 8.0 
11.0 22.0 0.0 19.0 7.0 
6.0 2.0 11.0 0.0 4.0 
16.0 12.0 1.0 23.0 0.0 
0.0 4.0 11.0 4.0 22.0 
0.0 0.0 4.0 22.0 8.0 
12.0 11.0 0.0 12.0 19.0 
15.0 12.0 17.0 0.0 0.0 
19.0 16.0 21.0 8.0 0.0 
0.0 12.0 19.0 8.0 24.0 
2.0 0.0 3.0 3.0 3.0 
12.0 4.0 0.0 11.0 7.0 
2.0 18.0 17.0 0.0 14.0 
4.0 9.0 4.0 11.0 0.0 
0.0 10.0 19.0 10.0 18.0 
5.0 0.0 16.0 13.0 11.0 
17.0 17.0 0.0 6.0 20.0 
6.0 3.0 19.0 0.0 21.0 
0.0 24.0 4.0 2.0 0.0 
0.0 5.0 17.0 22.0 9.0 
5.0 0.0 18.0 13.0 24.0 
22.0 24.0 0.0 6.0 20.0 
8.0 2.0 23.0 0.0 22.0 
13.0 5.0 11.0 12.0 0.0 
