0.0 9.0 22.0 12.0 3.0 
6.0 0.0 18.0 12.0 11.0 
20.0 6.0 0.0 15.0 23.0 
9.0 19.0 7.0 0.0 6.0 
23.0 10.0 15.0 4.0 0.0 
0.0 23.0 12.0 20.0 23.0 
1.0 0.0 1.0 20.0 9.0 
3.0 24.0 0.0 9.0 7.0 
18.0 17.0 13.0 0.0 1.0 
3.0 16.0 20.0 2.0 0.0 
0.0 24.0 7.0 13.0 2.0 
2.0 0.0 22.0 16.0 13.0 
11.0 18.0 0.0 11.0 19.0 
16.0 16.0 13.0 0.0 9.0 
2.0 22.0 13.0 3.0 0.0 
0.0 12.0 8.0 20.0 12.0 
11.0 0.0 4.0 16.0 3.0 
18.0 20.0 0.0 0.0 11.0 
7.0 11.0 13.0 0.0 14.0 
16.0 3.0 8.0 21.0 0.0 
0.0 12.0 18.0 7.0 20.0 
13.0 0.0 15.0 3.0 13.0 
7.0 12.0 0.0 3.0 21.0 
3.0 0.0 2.0 0.0 7.0 
22.0 15.0 8.0 11.0 0.0 
0.0 7.0 2.0 2.0 23.0 
4.0 0.0 9.0 6.0 7.0 
22.0 15.0 0.0 22.0 20.0 
22.0 11.0 9.0 0.0 18.0 
13.0 14.0 8.0 18.0 0.0 
0.0 13.0 0.0 16.0 20.0 
14.0 0.0 9.0 23.0 11.0 
6.0 17.0 0.0 2.0 0.0 
15.0 2.0 16.0 0.0 9.0 
21.0 16.0 5.0 23.0 0.0 
0.0 24.0 3.0 3.0 5.0 
10.0 0.0 19.0 20.0 10.0 
16.0 0.0 0.0 3.0 21.0 
20.0 5.0 15.0 0.0 7.0 
1.0 5.0 0.0 16.0 0.0 
0.0 15.0 8.0 21.0 4.0 
1.0 0.0 3.0 13.0 7.0 
11.0 10.0 0.0 5.0 20.0 
1.0 1.0 13.0 0.0 23.0 
19.0 9.0 18.0 11.0 0.0 
0.0 20.0 8.0 1.0 14.0 
24.0 0.0 0.0 13.0 15.0 
8.0 18.0 0.0 23.0 0.0 
16.0 10.0 21.0 0.0 15.0 
10.0 20.0 21.0 24.0 0.0 
0.0 15.0 24.0 16.0 20.0 
19.0 0.0 12.0 20.0 7.0 
12.0 5.0 0.0 14.0 4.0 
1.0 21.0 6.0 0.0 7.0 
13.0 19.0 3.0 13.0 0.0 
0.0 19.0 15.0 0.0 13.0 
3.0 0.0 12.0 24.0 20.0 
13.0 18.0 0.0 7.0 10.0 
14.0 1.0 19.0 0.0 16.0 
9.0 15.0 21.0 11.0 0.0 
