0.0 1.0 8.0 17.0 11.0 
4.0 0.0 11.0 13.0 21.0 
6.0 12.0 0.0 5.0 3.0 
3.0 15.0 12.0 0.0 11.0 
14.0 4.0 18.0 13.0 0.0 
0.0 1.0 14.0 14.0 0.0 
3.0 0.0 17.0 24.0 4.0 
17.0 9.0 0.0 21.0 2.0 
15.0 14.0 10.0 0.0 18.0 
11.0 12.0 12.0 22.0 0.0 
0.0 9.0 17.0 21.0 18.0 
24.0 0.0 3.0 24.0 5.0 
14.0 15.0 0.0 10.0 22.0 
11.0 11.0 18.0 0.0 3.0 
22.0 15.0 3.0 14.0 0.0 
0.0 21.0 16.0 12.0 19.0 
7.0 0.0 9.0 24.0 3.0 
17.0 9.0 0.0 18.0 3.0 
5.0 0.0 8.0 0.0 16.0 
20.0 8.0 15.0 13.0 0.0 
0.0 22.0 7.0 8.0 5.0 
6.0 0.0 16.0 8.0 11.0 
17.0 19.0 0.0 23.0 9.0 
10.0 4.0 8.0 0.0 23.0 
23.0 8.0 11.0 7.0 0.0 
0.0 7.0 3.0 19.0 4.0 
15.0 0.0 7.0 13.0 23.0 
6.0 21.0 0.0 21.0 19.0 
22.0 1.0 24.0 0.0 5.0 
17.0 10.0 5.0 23.0 0.0 
0.0 21.0 11.0 1.0 7.0 
4.0 0.0 23.0 17.0 9.0 
7.0 0.0 0.0 17.0 10.0 
14.0 17.0 8.0 0.0 14.0 
13.0 20.0 13.0 23.0 0.0 
0.0 6.0 20.0 17.0 21.0 
2.0 0.0 12.0 19.0 18.0 
24.0 19.0 0.0 23.0 8.0 
22.0 8.0 1.0 0.0 2.0 
21.0 6.0 4.0 24.0 0.0 
0.0 0.0 4.0 1.0 2.0 
22.0 0.0 8.0 8.0 5.0 
18.0 0.0 0.0 11.0 20.0 
2.0 10.0 6.0 0.0 9.0 
3.0 10.0 21.0 19.0 0.0 
0.0 4.0 9.0 14.0 24.0 
7.0 0.0 0.0 15.0 20.0 
14.0 21.0 0.0 18.0 6.0 
11.0 11.0 24.0 0.0 2.0 
13.0 3.0 11.0 20.0 0.0 
0.0 24.0 13.0 17.0 12.0 
1.0 0.0 21.0 3.0 3.0 
15.0 20.0 0.0 22.0 17.0 
9.0 22.0 2.0 0.0 4.0 
9.0 5.0 17.0 23.0 0.0 
0.0 11.0 5.0 18.0 23.0 
11.0 0.0 14.0 11.0 2.0 
20.0 15.0 0.0 4.0 15.0 
19.0 24.0 8.0 0.0 6.0 
12.0 10.0 9.0 18.0 0.0 
